1741159898304 9.9001e-05 0
1741160116101 9.800199999999999e-05 1
1741160334145 9.700299999999998e-05 2
1741160551984 9.600399999999998e-05 3
1741160769566 9.500499999999998e-05 4
1741160987305 9.400599999999998e-05 5
1741161205147 9.300699999999999e-05 6
1741161422829 9.200799999999999e-05 7
1741161640671 9.1009e-05 8
1741161858561 9.000999999999999e-05 9
1741162076274 8.901099999999999e-05 10
1741162293706 8.801199999999998e-05 11
1741162511061 8.701299999999999e-05 12
1741162728473 8.6014e-05 13
1741162946411 8.5015e-05 14
1741163164068 8.401599999999999e-05 15
1741163381615 8.3017e-05 16
1741163599512 8.201799999999999e-05 17
1741163817067 8.101899999999999e-05 18
1741164034983 8.001999999999998e-05 19
1741164252728 7.902099999999999e-05 20
1741164470257 7.802199999999999e-05 21
1741164687682 7.7023e-05 22
1741164905139 7.602399999999999e-05 23
1741165122670 7.5025e-05 24
1741165340308 7.4026e-05 25
1741165558325 7.302699999999999e-05 26
1741165776233 7.2028e-05 27
1741165994167 7.102899999999999e-05 28
1741166211843 7.002999999999998e-05 29
1741166429581 6.903099999999998e-05 30
1741166647306 6.803199999999997e-05 31
1741166864794 6.703299999999997e-05 32
1741167082434 6.603399999999997e-05 33
1741167299896 6.503499999999998e-05 34
1741167517484 6.403599999999998e-05 35
1741167735025 6.303699999999997e-05 36
1741167952568 6.203799999999998e-05 37
1741168170330 6.103899999999998e-05 38
1741168387757 6.003999999999999e-05 39
1741168605279 5.904099999999999e-05 40
1741168822838 5.804199999999999e-05 41
1741169040357 5.704299999999999e-05 42
1741169257802 5.604399999999999e-05 43
1741169475450 5.5044999999999985e-05 44
1741169692914 5.4045999999999984e-05 45
1741169910391 5.304699999999999e-05 46
1741170127797 5.204799999999999e-05 47
