1741159898304 0.29834799473075163 0
1741160116101 0.08599247793145903 1
1741160334145 0.06602549488347807 2
1741160551984 0.055730107301150314 3
1741160769566 0.04875638418573412 4
1741160987305 0.04467764494211001 5
1741161205147 0.03937720054854391 6
1741161422829 0.03358064379478876 7
1741161640671 0.0359335111333156 8
1741161858561 0.031002290709979976 9
1741162076274 0.026473970102301236 10
1741162293706 0.024195225420142075 11
1741162511061 0.02230936751764938 12
1741162728473 0.024421658889624307 13
1741162946411 0.021161950485380884 14
1741163164068 0.018740435027250365 15
1741163381615 0.020323732106080985 16
1741163599512 0.019709919248716137 17
1741163817067 0.018906883916667196 18
1741164034983 0.018312504331289402 19
1741164252728 0.015539790430398876 20
1741164470257 0.01408446866516719 21
1741164687682 0.012818895914675124 22
1741164905139 0.013522593919564757 23
1741165122670 0.01329244567817189 24
1741165340308 0.012943810017873333 25
1741165558325 0.012474452893195187 26
1741165776233 0.011850789408050646 27
1741165994167 0.011367843948136771 28
1741166211843 0.01067570558876427 29
1741166429581 0.010918778698497526 30
1741166647306 0.010103856548986954 31
1741166864794 0.008512403464916803 32
1741167082434 0.009189979555883639 33
1741167299896 0.007916151456066542 34
1741167517484 0.009246522368413184 35
1741167735025 0.008444507435087336 36
1741167952568 0.007989115471299843 37
1741168170330 0.007484889300888338 38
1741168387757 0.007145404954216726 39
1741168605279 0.006772797043268938 40
1741168822838 0.0073727336590282576 41
1741169040357 0.007899443221306713 42
1741169257802 0.006989161816759176 43
1741169475450 0.007366235293760968 44
1741169692914 0.007134268423174903 45
1741169910391 0.00673172251858004 46
1741170127797 0.006121832472516609 47
