1741159898304 0.9103629987578289 0
1741160116101 0.9755565136928309 1
1741160334145 0.9802481192021228 2
1741160551984 0.9839630800999317 3
1741160769566 0.9864228550160621 4
1741160987305 0.987513273758584 5
1741161205147 0.9894363281166362 6
1741161422829 0.991222349068706 7
1741161640671 0.9902086032516111 8
1741161858561 0.9913116524058425 9
1741162076274 0.9928323192359947 10
1741162293706 0.9934575380197468 11
1741162511061 0.9941012901982538 12
1741162728473 0.9937348041390218 13
1741162946411 0.9946258468252085 14
1741163164068 0.9947157259730922 15
1741163381615 0.9946335643370386 16
1741163599512 0.9947739381519437 17
1741163817067 0.994750741840689 18
1741164034983 0.9948939686949198 19
1741164252728 0.9957034780236655 20
1741164470257 0.996426111589637 21
1741164687682 0.9966422287254983 22
1741164905139 0.9963877521280285 23
1741165122670 0.9966387786593917 24
1741165340308 0.9963640542452239 25
1741165558325 0.9961584968648686 26
1741165776233 0.9972991270139383 27
1741165994167 0.9970324816916198 28
1741166211843 0.997298126969055 29
1741166429581 0.9968930282086583 30
1741166647306 0.997274351304953 31
1741166864794 0.997819528703626 32
1741167082434 0.9973843584612567 33
1741167299896 0.99782950912478 34
1741167517484 0.9975631976975939 35
1741167735025 0.9976367728906167 36
1741167952568 0.9981392643269903 37
1741168170330 0.9977409016630941 38
1741168387757 0.9979774107724352 39
1741168605279 0.9983386761249475 40
1741168822838 0.9981072289317993 41
1741169040357 0.9980223464450572 42
1741169257802 0.9981975231573246 43
1741169475450 0.9978871631357087 44
1741169692914 0.997964297906559 45
1741169910391 0.9980600755366975 46
1741170127797 0.9983924268631186 47
