1741159898304 0.9103312845885083 0
1741160116101 0.975568080385606 1
1741160334145 0.9802351380990029 2
1741160551984 0.9839330800030603 3
1741160769566 0.9864068756216368 4
1741160987305 0.987503506669047 5
1741161205147 0.9894417382877254 6
1741161422829 0.9912269516207187 7
1741161640671 0.990206829716151 8
1741161858561 0.9913034607635612 9
1741162076274 0.9928591466680269 10
1741162293706 0.9934457167631532 11
1741162511061 0.994083292953508 12
1741162728473 0.9937517533345235 13
1741162946411 0.9946443600010201 14
1741163164068 0.9947208691438627 15
1741163381615 0.9946698630486344 16
1741163599512 0.994771875239091 17
1741163817067 0.9947463721914769 18
1741164034983 0.9948738874295479 19
1741164252728 0.9957154880008161 20
1741164470257 0.9964295733340134 21
1741164687682 0.9966591007625412 22
1741164905139 0.9964040702863992 23
1741165122670 0.996633597714927 24
1741165340308 0.9963530641911709 25
1741165558325 0.9961745428578715 26
1741165776233 0.9972966769528959 27
1741165994167 0.997041646476754 28
1741166211843 0.9972966769528959 29
1741166429581 0.9968886281910688 30
1741166647306 0.9972711739052816 31
1741166864794 0.9978322409527939 32
1741167082434 0.9973731860957384 33
1741167299896 0.9978322409527939 34
1741167517484 0.9975517074290378 35
1741167735025 0.9976282165718804 36
1741167952568 0.9981382775241642 37
1741168170330 0.9977557318099513 38
1741168387757 0.997985259238479 39
1741168605279 0.9983423019050777 40
1741168822838 0.99811277447655 41
1741169040357 0.9980362653337074 42
1741169257802 0.9981892836193925 43
1741169475450 0.9978832470480222 44
1741169692914 0.9979597561908649 45
1741169910391 0.9980617683813215 46
1741170127797 0.998393308000306 47
