1741159898304 0.8777908343125734 0
1741160116101 0.9601518962371159 1
1741160334145 0.9690757643772757 2
1741160551984 0.9739465905105467 3
1741160769566 0.9776696105981534 4
1741160987305 0.9805165382872678 5
1741161205147 0.9828548443863442 6
1741161422829 0.9855912136631568 7
1741161640671 0.9840790004030633 8
1741161858561 0.9861490243655848 9
1741162076274 0.9887408896707716 10
1741162293706 0.989642567018684 11
1741162511061 0.9903846153846154 12
1741162728473 0.9896720237795354 13
1741162946411 0.9909819134465212 14
1741163164068 0.9919501822600243 15
1741163381615 0.9918320304670275 16
1741163599512 0.9915821501014199 17
1741163817067 0.9914265422077922 18
1741164034983 0.9918831997549645 19
1741164252728 0.9928787878787879 20
1741164470257 0.994169835234474 21
1741164687682 0.994252583816486 22
1741164905139 0.9945068790001512 23
1741165122670 0.994251411710841 24
1741165340308 0.9939817412148723 25
1741165558325 0.9939995966115369 26
1741165776233 0.9954207794850921 27
1741165994167 0.9950437465230365 28
1741166211843 0.9954735021869596 29
1741166429581 0.9952089704383282 30
1741166647306 0.9955191201181323 31
1741166864794 0.9961649089165868 32
1741167082434 0.9956506165890601 33
1741167299896 0.9966492359242525 34
1741167517484 0.9959037378392217 35
1741167735025 0.9961129296235679 36
1741167952568 0.9968939355364326 37
1741168170330 0.9965290004527391 38
1741168387757 0.9968659960572208 39
1741168605279 0.9972606909146249 40
1741168822838 0.9968083489538477 41
1741169040357 0.9967779288123647 42
1741169257802 0.9968266966936227 43
1741169475450 0.9967821023597916 44
1741169692914 0.9966309341500765 45
1741169910391 0.9969510645866152 46
1741170127797 0.997355439149672 47
