1741159898304 0.9139627073851123 0
1741160116101 0.9759875676759575 1
1741160334145 0.9804455882723992 2
1741160551984 0.984053862508859 3
1741160769566 0.9865059874933543 4
1741160987305 0.9875766948937681 5
1741161205147 0.9895216400911162 6
1741161422829 0.991284519888523 7
1741161640671 0.9902656661934699 8
1741161858561 0.9913357217267577 9
1741162076274 0.9929332189187825 10
1741162293706 0.993450727555363 11
1741162511061 0.9940764949190625 12
1741162728473 0.9938026458907748 13
1741162946411 0.9946902654867257 14
1741163164068 0.9947452593100297 15
1741163381615 0.994748083930142 16
1741163599512 0.9947854399308117 17
1741163817067 0.9947572024839662 18
1741164034983 0.9948542024013722 19
1741164252728 0.9957453274578332 20
1741164470257 0.9964430894308943 21
1741164687682 0.9966896621433806 22
1741164905139 0.9964402029841702 23
1741165122670 0.9966343702192759 24
1741165340308 0.9963446742158942 25
1741165558325 0.9962098241358399 26
1741165776233 0.9972982617117806 27
1741165994167 0.9970607611615061 28
1741166211843 0.9972995006623866 29
1741166429581 0.9968856894879257 30
1741166647306 0.9972710347114183 31
1741166864794 0.9978517451411529 32
1741167082434 0.9973602603859658 33
1741167299896 0.9978397336518667 34
1741167517484 0.9975382090470818 35
1741167735025 0.9976181329235497 36
1741167952568 0.9981391317647659 37
1741168170330 0.997783821899869 38
1741168387757 0.9980010627261456 39
1741168605279 0.9983495416804204 40
1741168822838 0.9981230659970578 41
1741169040357 0.9980592312539383 42
1741169257802 0.9981805601824565 43
1741169475450 0.9978779433947792 44
1741169692914 0.9979554283377632 45
1741169910391 0.998066846416035 46
1741170127797 0.9983963344788087 47
