1741159898304 0.9532438364555152 0
1741160116101 0.9923543503746368 1
1741160334145 0.9920853758169934 2
1741160551984 0.9943731137142565 3
1741160769566 0.9955035511726534 4
1741160987305 0.9947392614535983 5
1741161205147 0.9962794964578767 6
1741161422829 0.9970439834870801 7
1741161640671 0.9965306122448979 8
1741161858561 0.9965772669220945 9
1741162076274 0.9971612510772039 10
1741162293706 0.9972883090304425 11
1741162511061 0.9977960020502307 12
1741162728473 0.9979678927047348 13
1741162946411 0.9984264758134105 14
1741163164068 0.9975561325798076 15
1741163381615 0.9976813347446948 16
1741163599512 0.998009493186342 17
1741163817067 0.9981103166496424 18
1741164034983 0.9978430566967954 19
1741164252728 0.9986284669308138 20
1741164470257 0.9987267634326458 21
1741164687682 0.9991387171952579 22
1741164905139 0.9983810583830821 23
1741165122670 0.9990287788171548 24
1741165340308 0.9987188685046633 25
1741165558325 0.9984299027552674 26
1741165776233 0.9991828396322778 27
1741165994167 0.9990859696338801 28
1741166211843 0.9991322103113833 29
1741166429581 0.9985680679144932 30
1741166647306 0.9990291262135922 31
1741166864794 0.9995443037974684 32
1741167082434 0.9990757855822551 33
1741167299896 0.9990330788804072 34
1741167517484 0.9991780540429467 35
1741167735025 0.9991278920638178 36
1741167952568 0.9993874425727411 37
1741168170330 0.9990418074537294 38
1741168387757 0.9991387171952579 39
1741168605279 0.9994407727503813 40
1741168822838 0.9994412556509372 41
1741169040357 0.9993438320209974 42
1741169257802 0.9995381062355658 43
1741169475450 0.9989761965702585 44
1741169692914 0.9992834476404955 45
1741169910391 0.9991851285968933 46
1741170127797 0.9994394047497707 47
