1741148002061 9.9001e-05 0
1741148223548 9.800199999999999e-05 1
1741148444874 9.700299999999998e-05 2
1741148666164 9.600399999999998e-05 3
1741148887302 9.500499999999998e-05 4
1741149108457 9.400599999999998e-05 5
1741149329536 9.300699999999999e-05 6
1741149550857 9.200799999999999e-05 7
1741149771947 9.1009e-05 8
1741149993368 9.000999999999999e-05 9
1741150214428 8.901099999999999e-05 10
1741150435497 8.801199999999998e-05 11
1741150656744 8.701299999999999e-05 12
1741150877844 8.6014e-05 13
1741151098872 8.5015e-05 14
1741151320502 8.401599999999999e-05 15
1741151541891 8.3017e-05 16
1741151763521 8.201799999999999e-05 17
1741151984716 8.101899999999999e-05 18
1741152206005 8.001999999999998e-05 19
1741152427128 7.902099999999999e-05 20
1741152648129 7.802199999999999e-05 21
1741152869234 7.7023e-05 22
1741153090461 7.602399999999999e-05 23
1741153311790 7.5025e-05 24
1741153533145 7.4026e-05 25
1741153754283 7.302699999999999e-05 26
1741153975432 7.2028e-05 27
1741154196563 7.102899999999999e-05 28
1741154417825 7.002999999999998e-05 29
1741154638876 6.903099999999998e-05 30
1741154860027 6.803199999999997e-05 31
1741155080942 6.703299999999997e-05 32
1741155302173 6.603399999999997e-05 33
1741155523042 6.503499999999998e-05 34
1741155744019 6.403599999999998e-05 35
1741155965085 6.303699999999997e-05 36
1741156186292 6.203799999999998e-05 37
1741156407243 6.103899999999998e-05 38
1741156628044 6.003999999999999e-05 39
1741156849002 5.904099999999999e-05 40
1741157070196 5.804199999999999e-05 41
1741157291080 5.704299999999999e-05 42
1741157512355 5.604399999999999e-05 43
1741157733213 5.5044999999999985e-05 44
1741157954219 5.4045999999999984e-05 45
1741158175153 5.304699999999999e-05 46
1741158396217 5.204799999999999e-05 47
1741158617251 5.104899999999999e-05 48
1741158838352 5.004999999999999e-05 49
1741159059348 4.9050999999999995e-05 50
1741159280244 4.8052e-05 51
1741159501373 4.7053e-05 52
