1741148002061 0.9124792178465967 0
1741148223548 0.9750614159160277 1
1741148444874 0.9792550683639792 2
1741148666164 0.9832750192312464 3
1741148887302 0.9866249782873024 4
1741149108457 0.9882875505595672 5
1741149329536 0.9897764212511476 6
1741149550857 0.9914141790118861 7
1741149771947 0.9917119531502022 8
1741149993368 0.9929278642149929 9
1741150214428 0.9935482270031515 10
1741150435497 0.9943671058835207 11
1741150656744 0.9945656219757314 12
1741150877844 0.9944911784411524 13
1741151098872 0.9952852428099953 14
1741151320502 0.9950370976947319 15
1741151541891 0.9958807910866274 16
1741151763521 0.9957815330405221 17
1741151984716 0.9962033797364699 18
1741152206005 0.9960793071788382 19
1741152427128 0.9967492989900494 20
1741152648129 0.9964763393632596 21
1741152869234 0.9969478150822602 22
1741153090461 0.9969230005707338 23
1741153311790 0.9972952182436289 24
1741153533145 0.9971711456859972 25
1741153754283 0.9973200327551552 26
1741153975432 0.997667435916524 27
1741154196563 0.9973200327551552 28
1741154417825 0.997741879451103 29
1741154638876 0.9972455892205762 30
1741154860027 0.9978907665202611 31
1741155080942 0.9978411374972084 32
1741155302173 0.9983622422392615 33
1741155523042 0.9979155810317873 34
1741155744019 0.9981389116355245 35
1741155965085 0.9980892826124718 36
1741156186292 0.9977915084741557 37
1741156407243 0.9984863147968932 38
1741156628044 0.9983374277277351 39
1741156849002 0.9982629841931562 40
1741157070196 0.9983126132162088 41
1741157291080 0.9979652100548401 42
1741157512355 0.9982381696816298 43
1741157733213 0.9985607583314723 44
1741157954219 0.998684830889104 45
1741158175153 0.9985359438199459 46
1741158396217 0.9983870567507879 47
1741158617251 0.9983622422392615 48
1741158838352 0.9988089034467357 49
1741159059348 0.9982877987046825 50
1741159280244 0.9983870567507879 51
1741159501373 0.998833717958262 52
