1741148002061 0.29900318305525514 0
1741148223548 0.08741133156424713 1
1741148444874 0.06753505343730222 2
1741148666164 0.05436156920586077 3
1741148887302 0.046504798485797694 4
1741149108457 0.03882103050672745 5
1741149329536 0.03468962181304094 6
1741149550857 0.03018908600820901 7
1741149771947 0.02871586035101837 8
1741149993368 0.024996345958742682 9
1741150214428 0.021967720875557185 10
1741150435497 0.021465835698680685 11
1741150656744 0.021123299580173647 12
1741150877844 0.021411791234854646 13
1741151098872 0.017875851299299576 14
1741151320502 0.016839020513229087 15
1741151541891 0.014710597594920915 16
1741151763521 0.01580831449486256 17
1741151984716 0.014783601251826714 18
1741152206005 0.01412118876100904 19
1741152427128 0.011580964981655438 20
1741152648129 0.012056474531663485 21
1741152869234 0.011559113308543428 22
1741153090461 0.011730692197520438 23
1741153311790 0.010721371557872136 24
1741153533145 0.010505675285810232 25
1741153754283 0.00966254580162058 26
1741153975432 0.010154304662991928 27
1741154196563 0.009631819736814434 28
1741154417825 0.008851548387350963 29
1741154638876 0.009538742184951035 30
1741154860027 0.00803213323143277 31
1741155080942 0.0076577241140295795 32
1741155302173 0.006931341791930627 33
1741155523042 0.007955681342066364 34
1741155744019 0.007231167614652746 35
1741155965085 0.006516191881914098 36
1741156186292 0.00784211409420153 37
1741156407243 0.005798558049606245 38
1741156628044 0.005915065410033368 39
1741156849002 0.006449656420273453 40
1741157070196 0.006391034690629264 41
1741157291080 0.006319631595723631 42
1741157512355 0.006088473713403108 43
1741157733213 0.005101525223636556 44
1741157954219 0.0056260756406118165 45
1741158175153 0.005057952984327765 46
1741158396217 0.005454935579005646 47
1741158617251 0.0062858453853002014 48
1741158838352 0.00458623702646773 49
1741159059348 0.006006228318384519 50
1741159280244 0.005716699391277438 51
1741159501373 0.004271165316432806 52
