1741148002061 0.9589578163771713 0
1741148223548 0.9899602385685885 1
1741148444874 0.9907490301402566 2
1741148666164 0.9926393793206346 3
1741148887302 0.9946715801005926 4
1741149108457 0.9948112275153193 5
1741149329536 0.9952719852685015 6
1741149550857 0.9963789682539682 7
1741149771947 0.9964303420922161 8
1741149993368 0.9972816685612613 9
1741150214428 0.9973764973764974 10
1741150435497 0.9979046098583118 11
1741150656744 0.9977565061322166 12
1741150877844 0.9981319437616754 13
1741151098872 0.9983175812756693 14
1741151320502 0.9976366322008863 15
1741151541891 0.9981675911251982 16
1741151763521 0.998109546788717 17
1741151984716 0.9985576444842336 18
1741152206005 0.9982112690052668 19
1741152427128 0.9987585042459155 20
1741152648129 0.9984765087477885 21
1741152869234 0.9985281852524163 22
1741153090461 0.9988542393145362 23
1741153311790 0.998905472636816 24
1741153533145 0.9988133498145859 25
1741153754283 0.9987106372427473 26
1741153975432 0.9994555803019055 27
1741154196563 0.9989607047411659 28
1741154417825 0.9990562757661551 29
1741154638876 0.9989522003792036 30
1741154860027 0.9989174826551198 31
1741155080942 0.999252801992528 32
1741155302173 0.999305658880127 33
1741155523042 0.999000499750125 34
1741155744019 0.9991513154610354 35
1741155965085 0.9992062310859751 36
1741156186292 0.9989677546205269 37
1741156407243 0.9996066283129271 38
1741156628044 0.9992555092316855 39
1741156849002 0.9991579155934218 40
1741157070196 0.9993597005368665 41
1741157291080 0.9989087301587302 42
1741157512355 0.9991534707698436 43
1741157733213 0.9994522185150142 44
1741157954219 0.9995030315078024 45
1741158175153 0.9992568002774612 46
1741158396217 0.9992520568436799 47
1741158617251 0.9992609745282554 48
1741158838352 0.9996028002581798 49
1741159059348 0.9994006293391938 50
1741159280244 0.9991600790513834 51
1741159501373 0.9995080434889556 52
