1741148002061 0.8774008990600736 0
1741148223548 0.96124704406158 1
1741148444874 0.9684005833738454 2
1741148666164 0.9743226751281425 3
1741148887302 0.9788297559541311 4
1741149108457 0.9820958142257781 5
1741149329536 0.9843957666748708 6
1741149550857 0.9865913555992142 7
1741149771947 0.9871316306483301 8
1741149993368 0.9887299098392787 9
1741150214428 0.9898310080565926 10
1741150435497 0.9908356863327884 11
1741150656744 0.9913805914697578 12
1741150877844 0.9910191331511129 13
1741151098872 0.9923269883429245 14
1741151320502 0.9925541295189576 15
1741151541891 0.9936403076316308 16
1741151763521 0.9934637286457044 17
1741151984716 0.9938616900153457 18
1741152206005 0.9939639817929943 19
1741152427128 0.9947571470966465 20
1741152648129 0.9945662815743098 21
1741152869234 0.995451433043138 22
1741153090461 0.994988090512108 23
1741153311790 0.9956855938507315 24
1741153533145 0.9955645360011828 25
1741153754283 0.9959448098511449 26
1741153975432 0.9959066923114859 27
1741154196563 0.9957083662194159 28
1741154417825 0.9964331715050034 29
1741154638876 0.9955248371537965 30
1741154860027 0.9969063052445492 31
1741155080942 0.9964236042121994 32
1741155302173 0.9974258700064353 33
1741155523042 0.996808616734816 34
1741155744019 0.9971104025508171 35
1741155965085 0.996980496980497 36
1741156186292 0.996665195429356 37
1741156407243 0.9973996663722893 38
1741156628044 0.9974238295764182 39
1741156849002 0.9973793512658228 40
1741157070196 0.9972966330793807 41
1741157291080 0.9970294088523616 42
1741157512355 0.9973159699786271 43
1741157733213 0.9976636675448626 44
1741157954219 0.99786653435872 45
1741158175153 0.997823075400752 46
1741158396217 0.9975111996017919 47
1741158617251 0.9974917621600354 48
1741158838352 0.9980171516383285 49
1741159059348 0.9971593740655835 50
1741159280244 0.9976320852449312 51
1741159501373 0.9981821754937604 52
