1741148002061 0.9163682925094254 0
1741148223548 0.9753923753091256 1
1741148444874 0.9794473399547645 2
1741148666164 0.9833957430035475 3
1741148887302 0.986687084743251 4
1741149108457 0.988412628271223 5
1741149329536 0.9898039992080776 6
1741149550857 0.9914610069101678 7
1741149771947 0.9917591907229213 8
1741149993368 0.9929873772791024 9
1741150214428 0.9935894274865624 10
1741150435497 0.9943575849469315 11
1741150656744 0.9945583302273574 12
1741150877844 0.9945628214548127 13
1741151098872 0.9953132708436112 14
1741151320502 0.9950888910716039 15
1741151541891 0.9958988042296669 16
1741151763521 0.9957812189795513 17
1741151984716 0.9962041332770982 18
1741152206005 0.9960830978233923 19
1741152427128 0.9967538099368108 20
1741152648129 0.9965175593486365 21
1741152869234 0.9969874354013079 22
1741153090461 0.9969174165962313 23
1741153311790 0.997292934310195 24
1741153533145 0.9971862967716457 25
1741153754283 0.9973258059723666 26
1741153975432 0.9976779803369399 27
1741154196563 0.997331883986363 28
1741154417825 0.9977429995783625 29
1741154638876 0.9972355739297188 30
1741154860027 0.9979108806252611 31
1741155080942 0.9978361976770214 32
1741155302173 0.9983648795956793 33
1741155523042 0.9979033546325878 34
1741155744019 0.9981298157245094 35
1741155965085 0.9980921231943308 36
1741156186292 0.9978151466797595 37
1741156407243 0.998501927846951 38
1741156628044 0.9983388292465227 39
1741156849002 0.9982678412352767 40
1741157070196 0.998327100964377 41
1741157291080 0.9979681847465186 42
1741157512355 0.9982338747792343 43
1741157733213 0.9985571421463755 44
1741157954219 0.9986841125207935 45
1741158175153 0.9985394231959401 46
1741158396217 0.9983808693486113 47
1741158617251 0.9983755845434408 48
1741158838352 0.9988093466289626 49
1741159059348 0.9982787437323821 50
1741159280244 0.9983954975191923 51
1741159501373 0.998844669501733 52
