1741148002061 0.9124780644742574 0
1741148223548 0.9750831967410561 1
1741148444874 0.9792798287927055 2
1741148666164 0.9832947292799685 3
1741148887302 0.9866522407378026 4
1741149108457 0.9882594242545943 5
1741149329536 0.989791787942575 6
1741149550857 0.9914115904877765 7
1741149771947 0.9917071477960707 8
1741149993368 0.9929097468690887 9
1741150214428 0.9935382262968468 10
1741150435497 0.9943855312930167 11
1741150656744 0.9945800464557629 12
1741150877844 0.9944560605715226 13
1741151098872 0.99527626201663 14
1741151320502 0.9950162249503105 15
1741151541891 0.995875957496254 16
1741151763521 0.9957871231319562 17
1741151984716 0.9962084513215006 18
1741152206005 0.9960817907510844 19
1741152427128 0.9967505446534607 20
1741152648129 0.9964564389260471 21
1741152869234 0.996929286440227 22
1741153090461 0.996930209892126 23
1741153311790 0.9972991643594001 24
1741153533145 0.9971649692183421 25
1741153754283 0.9973189622093344 26
1741153975432 0.9976624970286276 27
1741154196563 0.9973154193093178 28
1741154417825 0.9977429549018221 29
1741154638876 0.9972546458775121 30
1741154860027 0.9978818490568351 31
1741155080942 0.9978463377051248 32
1741155302173 0.9983616097340643 33
1741155523042 0.9979230405498123 34
1741155744019 0.9981448308112361 35
1741155965085 0.9980888667097039 36
1741156186292 0.9977800436846057 37
1741156407243 0.998475791864108 38
1741156628044 0.9983374960678799 39
1741156849002 0.998261270958662 40
1741157070196 0.9983045752134222 41
1741157291080 0.9979647181256931 42
1741157512355 0.998241225665379 43
1741157733213 0.998563778661009 44
1741157954219 0.9986859460458177 45
1741158175153 0.998534743348116 46
1741158396217 0.998391094614292 47
1741158617251 0.998355614751379 48
1741158838352 0.9988092382082645 49
1741159059348 0.9982948506198878 50
1741159280244 0.998383569113408 51
1741159501373 0.998827724928936 52
