1743322854921 9.901e-05 0
1743322870502 9.802e-05 1
1743322886267 9.703e-05 2
1743322901921 9.604e-05 3
1743322917671 9.504999999999999e-05 4
1743322933128 9.405999999999999e-05 5
1743322948752 9.306999999999999e-05 6
1743322964376 9.207999999999999e-05 7
1743322980120 9.108999999999998e-05 8
1743322995916 9.009999999999998e-05 9
1743323011542 8.910999999999998e-05 10
1743323027255 8.811999999999998e-05 11
1743323043031 8.712999999999997e-05 12
1743323058702 8.613999999999997e-05 13
1743323074340 8.514999999999998e-05 14
1743323090035 8.415999999999998e-05 15
1743323105831 8.316999999999998e-05 16
1743323121457 8.217999999999998e-05 17
1743323137072 8.118999999999997e-05 18
1743323152902 8.019999999999997e-05 19
1743323168479 7.920999999999997e-05 20
1743323183985 7.821999999999997e-05 21
1743323199622 7.722999999999996e-05 22
1743323215037 7.623999999999996e-05 23
1743323230847 7.524999999999996e-05 24
1743323246677 7.425999999999996e-05 25
1743323262255 7.326999999999995e-05 26
1743323278075 7.227999999999995e-05 27
1743323293843 7.128999999999995e-05 28
1743323309632 7.029999999999995e-05 29
1743323325327 6.930999999999994e-05 30
1743323340826 6.831999999999994e-05 31
1743323356494 6.732999999999995e-05 32
1743323371939 6.633999999999995e-05 33
1743323387689 6.534999999999995e-05 34
1743323403238 6.435999999999995e-05 35
1743323418796 6.336999999999994e-05 36
1743323434296 6.237999999999994e-05 37
1743323449997 6.138999999999994e-05 38
1743323465765 6.039999999999994e-05 39
1743323481233 5.9409999999999934e-05 40
1743323496725 5.841999999999994e-05 41
1743323512217 5.742999999999994e-05 42
1743323527723 5.643999999999994e-05 43
1743323543238 5.5449999999999945e-05 44
1743323558948 5.445999999999995e-05 45
1743323574678 5.3469999999999954e-05 46
1743323590060 5.247999999999996e-05 47
1743323605635 5.1489999999999956e-05 48
1743323621060 5.049999999999996e-05 49
1743323636492 4.950999999999996e-05 50
1743323652022 4.8519999999999956e-05 51
1743323667551 4.752999999999995e-05 52
1743323682959 4.653999999999995e-05 53
1743323698521 4.5549999999999955e-05 54
1743323714073 4.455999999999996e-05 55
1743323729845 4.3569999999999964e-05 56
1743323745253 4.257999999999997e-05 57
1743323760680 4.1589999999999966e-05 58
1743323776081 4.059999999999997e-05 59
1743323791609 3.960999999999997e-05 60
1743323807162 3.8619999999999966e-05 61
1743323822555 3.762999999999997e-05 62
1743323838014 3.6639999999999974e-05 63
1743323853517 3.564999999999997e-05 64
1743323869023 3.465999999999997e-05 65
1743323884721 3.366999999999997e-05 66
1743323900280 3.2679999999999965e-05 67
1743323915865 3.168999999999997e-05 68
1743323931223 3.0699999999999974e-05 69
1743323946577 2.9709999999999975e-05 70
1743323962087 2.8719999999999976e-05 71
1743323977428 2.7729999999999977e-05 72
1743323992972 2.6739999999999978e-05 73
1743324008492 2.574999999999998e-05 74
1743324024126 2.475999999999998e-05 75
