1743322854921 0.77578125 0
1743322870502 0.6888361045130641 1
1743322886267 0.6448220064724919 2
1743322901921 0.5773857257417803 3
1743322917671 0.6939417781274587 4
1743322933128 0.665341812400636 5
1743322948752 0.7208398133748056 6
1743322964376 0.7085668534827863 7
1743322980120 0.7097288676236044 8
1743322995916 0.6976365118174409 9
1743323011542 0.7391653290529695 10
1743323027255 0.7654028436018957 11
1743323043031 0.7843601895734598 12
1743323058702 0.8349673202614379 13
1743323074340 0.8354838709677419 14
1743323090035 0.8368167202572347 15
1743323105831 0.8537170263788969 16
1743323121457 0.8687350835322196 17
1743323137072 0.8729281767955801 18
1743323152902 0.8850202429149797 19
1743323168479 0.857379767827529 20
1743323183985 0.8636363636363636 21
1743323199622 0.8844022169437846 22
1743323215037 0.8733280881195908 23
1743323230847 0.8793522267206477 24
1743323246677 0.884310618066561 25
1743323262255 0.8774548311076198 26
1743323278075 0.9031746031746032 27
1743323293843 0.893026941362916 28
1743323309632 0.8955108359133127 29
1743323325327 0.909382518043304 30
1743323340826 0.8937908496732027 31
1743323356494 0.9155378486055777 32
1743323371939 0.9109863672814755 33
1743323387689 0.9145367412140575 34
1743323403238 0.9126919967663703 35
1743323418796 0.8957836117740652 36
1743323434296 0.909016393442623 37
1743323449997 0.9108129439621152 38
1743323465765 0.9292452830188679 39
1743323481233 0.932475884244373 40
1743323496725 0.9258675078864353 41
1743323512217 0.9241001564945227 42
1743323527723 0.927477840451249 43
1743323543238 0.9236276849642004 44
1743323558948 0.9196499602227526 45
1743323574678 0.930952380952381 46
1743323590060 0.9226006191950464 47
1743323605635 0.922283901665345 48
1743323621060 0.9380097879282219 49
1743323636492 0.9328 50
1743323652022 0.9448946515397083 51
1743323667551 0.9282990083905416 52
1743323682959 0.9494470774091627 53
1743323698521 0.9242671009771987 54
1743323714073 0.9395648670427075 55
1743323729845 0.9426551453260016 56
1743323745253 0.9448818897637795 57
1743323760680 0.9440447641886491 58
1743323776081 0.9421094369547978 59
1743323791609 0.9471544715447154 60
1743323807162 0.9456692913385827 61
1743323822555 0.9481658692185008 62
1743323838014 0.9470729751403368 63
1743323853517 0.9580031695721077 64
1743323869023 0.9502852485737572 65
1743323884721 0.9408 66
1743323900280 0.9582018927444795 67
1743323915865 0.9611872146118722 68
1743323931223 0.9513343799058085 69
1743323946577 0.9459876543209876 70
1743323962087 0.9536961819658814 71
1743323977428 0.9594813614262561 72
1743323992972 0.9448698315467075 73
1743324008492 0.9561332250203087 74
1743324024126 0.9492466296590008 75
