1743322854921 0.5456043956043956 0
1743322870502 0.6268011527377522 1
1743322886267 0.7009674582233949 2
1743322901921 0.7272727272727273 3
1743322917671 0.7313432835820896 4
1743322933128 0.754054054054054 5
1743322948752 0.7299212598425197 6
1743322964376 0.7783641160949868 7
1743322980120 0.8025247971145176 8
1743322995916 0.8199233716475096 9
1743323011542 0.8193950177935944 10
1743323027255 0.8448125544899738 11
1743323043031 0.8275 12
1743323058702 0.8631756756756757 13
1743323074340 0.8832054560954816 14
1743323090035 0.8484107579462102 15
1743323105831 0.8718367346938776 16
1743323121457 0.8722044728434505 17
1743323137072 0.8805732484076433 18
1743323152902 0.8857374392220422 19
1743323168479 0.8638262322472848 20
1743323183985 0.8923076923076924 21
1743323199622 0.8740219092331768 22
1743323215037 0.8901363271852446 23
1743323230847 0.905 24
1743323246677 0.886417791898332 25
1743323262255 0.9133278822567457 26
1743323278075 0.8981846882399369 27
1743323293843 0.9096045197740112 28
1743323309632 0.9146245059288538 29
1743323325327 0.909382518043304 30
1743323340826 0.9131886477462438 31
1743323356494 0.9169992019154031 32
1743323371939 0.9228269699431356 33
1743323387689 0.9233870967741935 34
1743323403238 0.9208809135399674 35
1743323418796 0.9221949221949222 36
1743323434296 0.918046357615894 37
1743323449997 0.9283990345937249 38
1743323465765 0.9343873517786562 39
1743323481233 0.9250398724082934 40
1743323496725 0.923682140047207 41
1743323512217 0.938046068308181 42
1743323527723 0.927477840451249 43
1743323543238 0.9362903225806452 44
1743323558948 0.9174603174603174 45
1743323574678 0.9339171974522293 46
1743323590060 0.9408050513022889 47
1743323605635 0.9363929146537843 48
1743323621060 0.9326845093268451 49
1743323636492 0.9464285714285714 50
1743323652022 0.9448946515397083 51
1743323667551 0.9567610062893082 52
1743323682959 0.9231950844854071 53
1743323698521 0.9318555008210181 54
1743323714073 0.9320543565147882 55
1743323729845 0.9448818897637795 56
1743323745253 0.936768149882904 57
1743323760680 0.9455564451561249 58
1743323776081 0.9406175771971497 59
1743323791609 0.9312549960031974 60
1743323807162 0.9516640253565769 61
1743323822555 0.9459029435163087 62
1743323838014 0.951651893634166 63
1743323853517 0.9497250589159466 64
1743323869023 0.9441295546558705 65
1743323884721 0.9453376205787781 66
1743323900280 0.941130906274206 67
1743323915865 0.9611872146118722 68
1743323931223 0.9359073359073359 69
1743323946577 0.9459876543209876 70
1743323962087 0.9521492295214923 71
1743323977428 0.9456869009584664 72
1743323992972 0.9506933744221879 73
1743324008492 0.9341269841269841 74
1743324024126 0.9507545671167593 75
