1743322854921 0.5565286624203821 0
1743322870502 0.6373407643312102 1
1743322886267 0.6898885350318471 2
1743322901921 0.6827229299363057 3
1743322917671 0.7161624203821656 4
1743322933128 0.7237261146496815 5
1743322948752 0.7205414012738853 6
1743322964376 0.7547770700636943 7
1743322980120 0.7679140127388535 8
1743322995916 0.777468152866242 9
1743323011542 0.7898089171974523 10
1743323027255 0.8109076433121019 11
1743323043031 0.8089171974522293 12
1743323058702 0.8550955414012739 13
1743323074340 0.8642515923566879 14
1743323090035 0.8451433121019108 15
1743323105831 0.8646496815286624 16
1743323121457 0.8706210191082803 17
1743323137072 0.8761942675159236 18
1743323152902 0.8873407643312102 19
1743323168479 0.866640127388535 20
1743323183985 0.8777866242038217 21
1743323199622 0.8777866242038217 22
1743323215037 0.8813694267515924 23
1743323230847 0.8953025477707006 24
1743323246677 0.884952229299363 25
1743323262255 0.8957006369426752 26
1743323278075 0.9000796178343949 27
1743323293843 0.901671974522293 28
1743323309632 0.9032643312101911 29
1743323325327 0.910031847133758 30
1743323340826 0.9068471337579618 31
1743323356494 0.9164012738853503 32
1743323371939 0.9179936305732485 33
1743323387689 0.9195859872611465 34
1743323403238 0.9183917197452229 35
1743323418796 0.910031847133758 36
1743323434296 0.9164012738853503 37
1743323449997 0.9195859872611465 38
1743323465765 0.9311305732484076 39
1743323481233 0.929140127388535 40
1743323496725 0.9239649681528662 41
1743323512217 0.9303343949044586 42
1743323527723 0.928343949044586 43
1743323543238 0.9303343949044586 44
1743323558948 0.9183917197452229 45
1743323574678 0.9323248407643312 46
1743323590060 0.9303343949044586 47
1743323605635 0.9295382165605095 48
1743323621060 0.9367038216560509 49
1743323636492 0.9402866242038217 50
1743323652022 0.945859872611465 51
1743323667551 0.9406847133757962 52
1743323682959 0.9347133757961783 53
1743323698521 0.9299363057324841 54
1743323714073 0.9363057324840764 55
1743323729845 0.9430732484076433 56
1743323745253 0.9398885350318471 57
1743323760680 0.9450636942675159 58
1743323776081 0.9410828025477707 59
1743323791609 0.9398885350318471 60
1743323807162 0.9482484076433121 61
1743323822555 0.9470541401273885 62
1743323838014 0.9498407643312102 63
1743323853517 0.9534235668789809 64
1743323869023 0.9482484076433121 65
1743323884721 0.9434713375796179 66
1743323900280 0.9486464968152867 67
1743323915865 0.9593949044585988 68
1743323931223 0.9422770700636943 69
1743323946577 0.9442675159235668 70
1743323962087 0.9538216560509554 71
1743323977428 0.9530254777070064 72
1743323992972 0.945859872611465 73
1743324008492 0.9454617834394905 74
1743324024126 0.9498407643312102 75
