1743322854921 0.6891505446615098 0
1743322870502 0.6812829692152482 1
1743322886267 0.671423337127589 2
1743322901921 0.6674467649640916 3
1743322917671 0.6550698370873174 4
1743322933128 0.6422548399695868 5
1743322948752 0.6323791191547732 6
1743322964376 0.612489822544629 7
1743322980120 0.5939558616167382 8
1743322995916 0.5661945584454114 9
1743323011542 0.5400822781309297 10
1743323027255 0.5067656357077104 11
1743323043031 0.4805644833588902 12
1743323058702 0.4217969877055929 13
1743323074340 0.39135315712494184 14
1743323090035 0.3909579062763649 15
1743323105831 0.3579792634973043 16
1743323121457 0.3324717973606496 17
1743323137072 0.3184604165674765 18
1743323152902 0.2982831504903262 19
1743323168479 0.3207169748559783 20
1743323183985 0.2957183565897278 21
1743323199622 0.29748327766038196 22
1743323215037 0.2872969125267826 23
1743323230847 0.2579371981039832 24
1743323246677 0.2686492292375504 25
1743323262255 0.26396208878936644 26
1743323278075 0.2402072105603882 27
1743323293843 0.2467470282240759 28
1743323309632 0.23187922450560558 29
1743323325327 0.22139165267536912 30
1743323340826 0.22550030175266386 31
1743323356494 0.20856915914182422 32
1743323371939 0.2050496741563459 33
1743323387689 0.19701424910675122 34
1743323403238 0.19821271866182738 35
1743323418796 0.21153067080657692 36
1743323434296 0.19621130550586724 37
1743323449997 0.18989958765008783 38
1743323465765 0.16944189728060854 39
1743323481233 0.17984195647737647 40
1743323496725 0.18733706348870374 41
1743323512217 0.1719704628273656 42
1743323527723 0.17646759144867522 43
1743323543238 0.1764578623107717 44
1743323558948 0.18998194650947292 45
1743323574678 0.1720923240048976 46
1743323590060 0.16887864800570887 47
1743323605635 0.16837732899415342 48
1743323621060 0.15646431231989136 49
1743323636492 0.15025297976747343 50
1743323652022 0.14251342868503136 51
1743323667551 0.14945004861566086 52
1743323682959 0.16557695037579234 53
1743323698521 0.1672603711014307 54
1743323714073 0.16204873227243183 55
1743323729845 0.1518659989667844 56
1743323745253 0.15232085167795797 57
1743323760680 0.14390152221239066 58
1743323776081 0.14872878818195076 59
1743323791609 0.1473004928778244 60
1743323807162 0.13200226331813425 61
1743323822555 0.13762832444774198 62
1743323838014 0.13754379702142522 63
1743323853517 0.13000303523355647 64
1743323869023 0.12958093204453022 65
1743323884721 0.13774908291576785 66
1743323900280 0.13882678756608238 67
1743323915865 0.12239021817340126 68
1743323931223 0.14934435826313647 69
1743323946577 0.14317451129797137 70
1743323962087 0.12624276740641532 71
1743323977428 0.12281578067171423 72
1743323992972 0.13007624602959125 73
1743324008492 0.13826398098770576 74
1743324024126 0.12872520037278345 75
