1743322854921 0.6406451612903226 0
1743322870502 0.6563560920407393 1
1743322886267 0.6717235566793089 2
1743322901921 0.6437192668752794 3
1743322917671 0.7121517965280582 4
1743322933128 0.7069256756756757 5
1743322948752 0.7253521126760564 6
1743322964376 0.7418273260687342 7
1743322980120 0.7532797291578502 8
1743322995916 0.7538529282254514 9
1743323011542 0.7772151898734178 10
1743323027255 0.8031496062992126 11
1743323043031 0.805352798053528 12
1743323058702 0.8488372093023255 13
1743323074340 0.8586821384169084 14
1743323090035 0.8425738567381627 15
1743323105831 0.8626817447495961 16
1743323121457 0.8704663212435233 17
1743323137072 0.8767340467697186 18
1743323152902 0.8853786958282706 19
1743323168479 0.8605909280066584 20
1743323183985 0.8777379530067703 21
1743323199622 0.87918142463597 22
1743323215037 0.8816521048451151 23
1743323230847 0.8919917864476387 24
1743323246677 0.8853629512098373 25
1743323262255 0.8950320512820513 26
1743323278075 0.9006727344677483 27
1743323293843 0.9012395041983207 28
1743323309632 0.9049667579194368 29
1743323325327 0.909382518043304 30
1743323340826 0.9033856317093312 31
1743323356494 0.916267942583732 32
1743323371939 0.9168684422921711 33
1743323387689 0.9189406099518459 34
1743323403238 0.9167681688997158 35
1743323418796 0.9087974172719936 36
1743323434296 0.913509060955519 37
1743323449997 0.9195219123505977 38
1743323465765 0.9318092234923138 39
1743323481233 0.9287429943955164 40
1743323496725 0.9247735328869634 41
1743323512217 0.9310208908159243 42
1743323527723 0.927477840451249 43
1743323543238 0.9299158990788947 44
1743323558948 0.9185538339292809 45
1743323574678 0.9324324324324325 46
1743323590060 0.9316139116842517 47
1743323605635 0.9292848581701958 48
1743323621060 0.9353395689304596 49
1743323636492 0.9395648670427075 50
1743323652022 0.9448946515397083 51
1743323667551 0.9423151374370886 52
1743323682959 0.9361370716510904 53
1743323698521 0.928045789043336 54
1743323714073 0.9357945425361156 55
1743323729845 0.9437672040896579 56
1743323745253 0.9408075264602117 57
1743323760680 0.9448 58
1743323776081 0.9413629160063391 59
1743323791609 0.9391374445787989 60
1743323807162 0.9486571879936809 61
1743323822555 0.9470330545599362 62
1743323838014 0.9493569131832797 63
1743323853517 0.9538461538461539 64
1743323869023 0.9471974004874086 65
1743323884721 0.9430633520449078 66
1743323900280 0.9495896834701055 67
1743323915865 0.9611872146118722 68
1743323931223 0.9435578045932269 69
1743323946577 0.9459876543209876 70
1743323962087 0.952922077922078 71
1743323977428 0.9525341914722446 72
1743323992972 0.9477726574500768 73
1743324008492 0.9450020072260137 74
1743324024126 0.95 75
