1743322854921 0.5522575081168831 0
1743322870502 0.6370521595423608 1
1743322886267 0.6891821631108541 2
1743322901921 0.6819734952819574 3
1743322917671 0.7164310018759776 4
1743322933128 0.7238192315591696 5
1743322948752 0.7205340991833245 6
1743322964376 0.7545209564326045 7
1743322980120 0.7678215085335829 8
1743322995916 0.7756665049359579 9
1743323011542 0.7894088888550789 10
1743323027255 0.8112728503723765 11
1743323043031 0.8091142841928294 12
1743323058702 0.8545954613729551 13
1743323074340 0.8638897342260095 14
1743323090035 0.8450645115481757 15
1743323105831 0.8646063323805666 16
1743323121457 0.8706225218457911 17
1743323137072 0.8762231245423685 18
1743323152902 0.8873026038380694 19
1743323168479 0.8662855960117737 20
1743323183985 0.8780155928214182 21
1743323199622 0.8777495472228931 22
1743323215037 0.8814666226254683 23
1743323230847 0.8950402480510051 24
1743323246677 0.8849553090332805 25
1743323262255 0.8959509829468688 26
1743323278075 0.9000697297023175 27
1743323293843 0.9017134706814579 28
1743323309632 0.9034931228746891 29
1743323325327 0.9100272274010985 30
1743323340826 0.9065227540291478 31
1743323356494 0.9164005869917309 32
1743323371939 0.9179437765261133 33
1743323387689 0.9195699579086161 34
1743323403238 0.9183067826969107 35
1743323418796 0.9100432003093433 36
1743323434296 0.9161955032228595 37
1743323449997 0.9196635000935073 38
1743323465765 0.93115489957395 39
1743323481233 0.9291716960654042 40
1743323496725 0.923946615679552 41
1743323512217 0.930445540159741 42
1743323527723 0.9283337274640195 43
1743323543238 0.9303397388964428 44
1743323558948 0.9183907171631691 45
1743323574678 0.9323292256199605 46
1743323590060 0.9305626046794904 47
1743323605635 0.9295672106248387 48
1743323621060 0.9367342874322292 49
1743323636492 0.9402510301109349 50
1743323652022 0.9458432569122641 51
1743323667551 0.9412519188497254 52
1743323682959 0.9345951277896537 53
1743323698521 0.9298126782144559 54
1743323714073 0.9363441959131712 55
1743323729845 0.9430789850923793 56
1743323745253 0.9398322492297159 57
1743323760680 0.9450596541006687 58
1743323776081 0.9410786992927466 59
1743323791609 0.9400358941186917 60
1743323807162 0.9482774798077777 61
1743323822555 0.9470559075822234 62
1743323838014 0.9498210725504056 63
1743323853517 0.9534015847860539 64
1743323869023 0.9482943752596412 65
1743323884721 0.9434586370839936 66
1743323900280 0.9485543225780275 67
1743323915865 0.9593081315129477 68
1743323931223 0.9421453805829527 69
1743323946577 0.9442109324236517 70
1743323962087 0.9538192072983191 71
1743323977428 0.9531366118555381 72
1743323992972 0.9459009190901033 73
1743324008492 0.945670047326704 74
1743324024126 0.9498431389701879 75
