1743324057469 9.901e-05 0
1743324073600 9.802e-05 1
1743324089717 9.703e-05 2
1743324105804 9.604e-05 3
1743324121945 9.504999999999999e-05 4
1743324137768 9.405999999999999e-05 5
1743324153905 9.306999999999999e-05 6
1743324170105 9.207999999999999e-05 7
1743324186022 9.108999999999998e-05 8
1743324202075 9.009999999999998e-05 9
1743324218145 8.910999999999998e-05 10
1743324234278 8.811999999999998e-05 11
1743324250110 8.712999999999997e-05 12
1743324266037 8.613999999999997e-05 13
1743324281924 8.514999999999998e-05 14
1743324297881 8.415999999999998e-05 15
1743324313734 8.316999999999998e-05 16
1743324329448 8.217999999999998e-05 17
1743324345307 8.118999999999997e-05 18
1743324361020 8.019999999999997e-05 19
1743324376885 7.920999999999997e-05 20
