1743324057469 0.5331541218637993 0
1743324073600 0.6463104325699746 1
1743324089717 0.7642543859649122 2
1743324105804 0.7455896007428041 3
1743324121945 0.7114461960246744 4
1743324137768 0.744131455399061 5
1743324153905 0.7494423791821562 6
1743324170105 0.7732793522267206 7
1743324186022 0.7698650674662668 8
1743324202075 0.8079315707620529 9
1743324218145 0.8257328990228013 10
1743324234278 0.8499222395023328 11
1743324250110 0.852803738317757 12
1743324266037 0.8720565149136578 13
1743324281924 0.8822152886115444 14
1743324297881 0.884853168469861 15
1743324313734 0.8845283018867924 16
1743324329448 0.8764044943820225 17
1743324345307 0.8973180076628352 18
1743324361020 0.8853211009174312 19
1743324376885 0.9108231707317073 20
