1743324057469 0.8880597014925373 0
1743324073600 0.5861538461538461 1
1743324089717 0.5441061670569868 2
1743324105804 0.6210363495746326 3
1743324121945 0.7734724292101341 4
1743324137768 0.723744292237443 5
1743324153905 0.7647951441578149 6
1743324170105 0.7273419649657273 7
1743324186022 0.7774413323239969 8
1743324202075 0.791920731707317 9
1743324218145 0.7872670807453416 10
1743324234278 0.8236623963828184 11
1743324250110 0.8449074074074074 12
1743324266037 0.8625776397515528 13
1743324281924 0.8774243599689682 14
1743324297881 0.890357698289269 15
1743324313734 0.8838612368024132 16
1743324329448 0.9112149532710281 17
1743324345307 0.8884673748103187 18
1743324361020 0.9146919431279621 19
1743324376885 0.908745247148289 20
