1743324057469 0.5450381679389313 0
1743324073600 0.6354961832061069 1
1743324089717 0.6950381679389313 2
1743324105804 0.7083969465648855 3
1743324121945 0.7232824427480916 4
1743324137768 0.7366412213740458 5
1743324153905 0.7530534351145038 6
1743324170105 0.7564885496183206 7
1743324186022 0.7706106870229008 8
1743324202075 0.8015267175572519 9
1743324218145 0.8137404580152672 10
1743324234278 0.8370229007633587 11
1743324250110 0.851145038167939 12
1743324266037 0.8702290076335878 13
1743324281924 0.8820610687022901 14
1743324297881 0.8893129770992366 15
1743324313734 0.882824427480916 16
1743324329448 0.8935114503816793 17
1743324345307 0.8927480916030535 18
1743324361020 0.9015267175572519 19
1743324376885 0.9095419847328244 20
