1743324057469 0.5369986007462686 0
1743324073600 0.6351223776223776 1
1743324089717 0.6917692896524664 2
1743324105804 0.7072777829259749 3
1743324121945 0.7220257294720467 4
1743324137768 0.7366807219227032 5
1743324153905 0.7529812894368183 6
1743324170105 0.7565554507307596 7
1743324186022 0.7705528447609207 8
1743324202075 0.8015414056090102 9
1743324218145 0.8133032100423404 10
1743324234278 0.8371985609137602 11
1743324250110 0.8510790813472082 12
1743324266037 0.8701026336895901 13
1743324281924 0.881987912516415 14
1743324297881 0.8893317726828653 15
1743324313734 0.8828116075820412 16
1743324329448 0.893855979629526 17
1743324345307 0.892774394010382 18
1743324361020 0.9019545387722528 19
1743324376885 0.909545037367248 20
