1743324057469 0.6878153754443657 0
1743324073600 0.6810531543522347 1
1743324089717 0.6709251011290202 2
1743324105804 0.6626276388400938 3
1743324121945 0.6519693645035348 4
1743324137768 0.6398311897021968 5
1743324153905 0.6239549553975826 6
1743324170105 0.6046970755588718 7
1743324186022 0.5821848846063381 8
1743324202075 0.5471896769070044 9
1743324218145 0.5073944435613912 10
1743324234278 0.46581413069876226 11
1743324250110 0.4218297270013065 12
1743324266037 0.37126260432528285 13
1743324281924 0.33287698975423485 14
1743324297881 0.3161432683104422 15
1743324313734 0.31030523940557386 16
1743324329448 0.2805778098905959 17
1743324345307 0.2778565493843904 18
1743324361020 0.254891633896566 19
1743324376885 0.24039442519225726 20
