1743324057469 0.6662933930571109 0
1743324073600 0.6147640177490924 1
1743324089717 0.6356589147286822 2
1743324105804 0.6776371308016877 3
1743324121945 0.741163870046412 4
1743324137768 0.7337962962962963 5
1743324153905 0.7570409312805108 6
1743324170105 0.749607535321821 7
1743324186022 0.7736346516007533 8
1743324202075 0.7998460354118553 9
1743324218145 0.8060413354531002 10
1743324234278 0.8365862992728664 11
1743324250110 0.8488372093023255 12
1743324266037 0.8672911787665886 13
1743324281924 0.8798133022170361 14
1743324297881 0.8875968992248062 15
1743324313734 0.8841946435307431 16
1743324329448 0.8934707903780069 17
1743324345307 0.8928707586732749 18
1743324361020 0.8997668997668997 19
1743324376885 0.9097830224590788 20
