1741102997807 3.9200800000000006e-05 0
1741103097569 3.840160000000001e-05 1
1741103197245 3.760240000000001e-05 2
1741103297030 3.680320000000001e-05 3
1741103396765 3.600400000000001e-05 4
1741103496732 3.5204800000000006e-05 5
1741103596568 3.44056e-05 6
1741103696171 3.36064e-05 7
1741103796185 3.28072e-05 8
1741103896078 3.2008e-05 9
1741103996037 3.12088e-05 10
1741104095863 3.0409599999999998e-05 11
1741104195786 2.96104e-05 12
1741104295417 2.88112e-05 13
1741104394897 2.8012000000000002e-05 14
1741104494836 2.72128e-05 15
1741104594377 2.64136e-05 16
1741104693841 2.56144e-05 17
1741104793502 2.48152e-05 18
1741104893413 2.4016e-05 19
1741104993226 2.3216799999999998e-05 20
1741105092847 2.2417599999999997e-05 21
1741105192438 2.1618399999999996e-05 22
1741105292514 2.0819199999999995e-05 23
1741105392175 2.0019999999999995e-05 24
1741105491830 1.9220799999999994e-05 25
1741105591509 1.8421599999999993e-05 26
1741105691052 1.7622399999999992e-05 27
1741105790767 1.682319999999999e-05 28
1741105890302 1.602399999999999e-05 29
1741105990059 1.522479999999999e-05 30
1741106089814 1.4425599999999991e-05 31
1741106189265 1.362639999999999e-05 32
1741106288961 1.2827199999999991e-05 33
1741106388521 1.2027999999999992e-05 34
1741106488064 1.1228799999999993e-05 35
1741106587718 1.0429599999999994e-05 36
1741106687487 9.630399999999993e-06 37
