1741102997807 0.5369995501574449 0
1741103097569 0.6083663086489542 1
1741103197245 0.7332959011791128 2
1741103297030 0.7874873638099517 3
1741103396765 0.828800361133055 4
1741103496732 0.8714832320504163 5
1741103596568 0.8949239142508053 6
1741103696171 0.9111812443642922 7
1741103796185 0.9169476286806024 8
1741103896078 0.932119577433131 9
1741103996037 0.9367144922700478 10
1741104095863 0.9369582348305753 11
1741104195786 0.9427332369620817 12
1741104295417 0.9475182149362478 13
1741104394897 0.9520144861928475 14
1741104494836 0.9510171610410274 15
1741104594377 0.9579653437674679 16
1741104693841 0.9518638755177432 17
1741104793502 0.9588932806324111 18
1741104893413 0.959448774426748 19
1741104993226 0.9645669291338582 20
1741105092847 0.9586786114221725 21
1741105192438 0.9654285074960841 22
1741105292514 0.9608676207513417 23
1741105392175 0.965599455040872 24
1741105491830 0.9620423244877393 25
1741105591509 0.9668149161820048 26
1741105691052 0.964781578056214 27
1741105790767 0.9667938074938299 28
1741105890302 0.9679065547743252 29
1741105990059 0.966662899762685 30
1741106089814 0.967496077112755 31
1741106189265 0.9687076366922729 32
1741106288961 0.9670131043831902 33
1741106388521 0.9726226394010504 34
1741106488064 0.9706442577030813 35
1741106587718 0.9710748452447946 36
1741106687487 0.9706046719570806 37
