1741102997807 0.5775976775130035 0
1741103097569 0.7824632834084629 1
1741103197245 0.8210738086256758 2
1741103297030 0.8608791748526523 3
1741103396765 0.8790998324156093 4
1741103496732 0.8956743002544529 5
1741103596568 0.8996203662349264 6
1741103696171 0.9106680184747099 7
1741103796185 0.9159182757072295 8
1741103896078 0.9227859368046284 9
1741103996037 0.928965365100375 10
1741104095863 0.9305679785330948 11
1741104195786 0.932570674293257 12
1741104295417 0.9339093357271095 13
1741104394897 0.9451685393258427 14
1741104494836 0.9421301508669219 15
1741104594377 0.9482129025118955 16
1741104693841 0.9474094707520891 17
1741104793502 0.9498825371965545 18
1741104893413 0.9522421524663677 19
1741104993226 0.957138073445697 20
1741105092847 0.9545099788159215 21
1741105192438 0.9556983054601839 22
1741105292514 0.9556321583453797 23
1741105392175 0.9551886792452831 24
1741105491830 0.9613964417589795 25
1741105591509 0.9573170731707317 26
1741105691052 0.9578617057043595 27
1741105790767 0.9629050279329608 28
1741105890302 0.9609322224724162 29
1741105990059 0.9605839416058394 30
1741106089814 0.9680385779970843 31
1741106189265 0.9592795614722005 32
1741106288961 0.9659219137892123 33
1741106388521 0.9671111111111111 34
1741106488064 0.9651292335115864 35
1741106587718 0.9651006711409396 36
1741106687487 0.9657473309608541 37
