1741102997807 0.5565592400489539 0
1741103097569 0.6845185090955349 1
1741103197245 0.7747063708624985 2
1741103297030 0.8225494221857218 3
1741103396765 0.8532094103979088 4
1741103496732 0.8834131873146247 5
1741103596568 0.8972659947658556 6
1741103696171 0.9109245591300918 7
1741103796185 0.9164326631472537 8
1741103896078 0.9274292742927429 9
1741103996037 0.932823835631611 10
1741104095863 0.9337521736691535 11
1741104195786 0.9376244193762442 12
1741104295417 0.9406645569620253 13
1741104394897 0.9485791610284168 14
1741104494836 0.946552796787512 15
1741104594377 0.9530641752863975 16
1741104693841 0.9496314496314496 17
1741104793502 0.9543666404405979 18
1741104893413 0.955831879817701 19
1741104993226 0.9608381421928399 20
1741105092847 0.9565897536175205 21
1741105192438 0.9605387655145544 22
1741105292514 0.9582427384735464 23
1741105392175 0.9603658536585366 24
1741105491830 0.9617192746809939 25
1741105591509 0.9620425531914893 26
1741105691052 0.9613091890675964 27
1741105790767 0.9648454993282579 28
1741105890302 0.964406779661017 29
1741105990059 0.9636138335023093 30
1741106089814 0.9677672515275519 31
1741106189265 0.9639705469057389 32
1741106288961 0.9664672010838885 33
1741106388521 0.9698590450721488 34
1741106488064 0.9678788894475169 35
1741106587718 0.968078541374474 36
1741106687487 0.9681699091365182 37
