1741102997807 0.6864452670249733 0
1741103097569 0.6621104688575923 1
1741103197245 0.6199753991791334 2
1741103297030 0.5380696303326523 3
1741103396765 0.4237806295952634 4
1741103496732 0.3271916161694261 5
1741103596568 0.27545765777999665 6
1741103696171 0.23461406664585083 7
1741103796185 0.2145822654533429 8
1741103896078 0.19156787808670175 9
1741103996037 0.17556185503381588 10
1741104095863 0.1681358878579345 11
1741104195786 0.15834182528929394 12
1741104295417 0.14949076474247971 13
1741104394897 0.13554014176585089 14
1741104494836 0.13660300136134162 15
1741104594377 0.12582367655939858 16
1741104693841 0.12822764162542682 17
1741104793502 0.12065816629524184 18
1741104893413 0.11609530614444875 19
1741104993226 0.10852913227587724 20
1741105092847 0.1128994989855954 21
1741105192438 0.10726394804438687 22
1741105292514 0.1073273118180716 23
1741105392175 0.10831793048210055 24
1741105491830 0.10295586466214066 25
1741105591509 0.09894758619826213 26
1741105691052 0.10009787275992615 27
1741105790767 0.0932405586178871 28
1741105890302 0.0936153542260427 29
1741105990059 0.09533829078633385 30
1741106089814 0.08784622661568746 31
1741106189265 0.09130407831693466 32
1741106288961 0.08914908574462686 33
1741106388521 0.08420952069414261 34
1741106488064 0.08510902635184664 35
1741106587718 0.08398285744832143 36
1741106687487 0.08562909766172244 37
