1741102997807 0.5726961307351042 0
1741103097569 0.7214578536530578 1
1741103197245 0.7867130903577245 2
1741103297030 0.8301229853428427 3
1741103396765 0.8580895153591285 4
1741103496732 0.8852136800134779 5
1741103596568 0.896389060481833 6
1741103696171 0.9112146908519122 7
1741103796185 0.9164373560959174 8
1741103896078 0.9271073173471107 9
1741103996037 0.9318807210647498 10
1741104095863 0.933677767170214 11
1741104195786 0.936654124782389 12
1741104295417 0.9410344246644577 13
1741104394897 0.948784185994272 14
1741104494836 0.946930982198012 15
1741104594377 0.9526029089683832 16
1741104693841 0.9493457629022295 17
1741104793502 0.9543999550738473 18
1741104893413 0.9559162127253328 19
1741104993226 0.9607457741337676 20
1741105092847 0.9563654742516988 21
1741105192438 0.96018419722581 22
1741105292514 0.9579378895939799 23
1741105392175 0.9605773010613804 24
1741105491830 0.961588139495704 25
1741105591509 0.9624305048576403 26
1741105691052 0.961363508732521 27
1741105790767 0.9647329701802662 28
1741105890302 0.9646206547986746 29
1741105990059 0.9637221317459426 30
1741106089814 0.9677093277924411 31
1741106189265 0.9640029201999214 32
1741106288961 0.9666423316673218 33
1741106388521 0.9696186892794968 34
1741106488064 0.9677093277924411 35
1741106587718 0.9680462739372157 36
1741106687487 0.9679339585556241 37
