1741102997807 0.5726500835475952 0
1741103097569 0.7207196417156844 1
1741103197245 0.7867220912321086 2
1741103297030 0.8301205911592436 3
1741103396765 0.8579503705955908 4
1741103496732 0.8851867454949985 5
1741103596568 0.8964056190972337 6
1741103696171 0.9112145729376022 7
1741103796185 0.9164376711143499 8
1741103896078 0.9271104116821058 9
1741103996037 0.9318327452275827 10
1741104095863 0.9336853029822979 11
1741104195786 0.9365923956537205 12
1741104295417 0.9411202955430436 13
1741104394897 0.9488084915637071 14
1741104494836 0.9469783851386309 15
1741104594377 0.952577797137627 16
1741104693841 0.9493373918945488 17
1741104793502 0.9544242989399768 18
1741104893413 0.9559361361523958 19
1741104993226 0.9607515592175964 20
1741105092847 0.9563585689757026 21
1741105192438 0.9601637971012948 22
1741105292514 0.9579245020150706 23
1741105392175 0.9606305976171134 24
1741105491830 0.9615867323204806 25
1741105591509 0.9624957519613276 26
1741105691052 0.9613805074009277 27
1741105790767 0.9647305369415625 28
1741105890302 0.9646519090480816 29
1741105990059 0.9637400232236065 30
1741106089814 0.967709771814678 31
1741106189265 0.9640299769167674 32
1741106288961 0.966644463972723 33
1741106388521 0.969603259190252 34
1741106488064 0.9677022234248348 35
1741106587718 0.9680525537589137 36
1741106687487 0.9679208461365538 37
