1741170543166 9.9001e-05 0
1741170761569 9.800199999999999e-05 1
1741170980050 9.700299999999998e-05 2
1741171198768 9.600399999999998e-05 3
1741171417172 9.500499999999998e-05 4
1741171635619 9.400599999999998e-05 5
1741171854091 9.300699999999999e-05 6
1741172072370 9.200799999999999e-05 7
1741172290844 9.1009e-05 8
1741172509064 9.000999999999999e-05 9
1741172727472 8.901099999999999e-05 10
1741172945673 8.801199999999998e-05 11
1741173163741 8.701299999999999e-05 12
1741173382176 8.6014e-05 13
1741173600680 8.5015e-05 14
1741173818859 8.401599999999999e-05 15
1741174036992 8.3017e-05 16
1741174255175 8.201799999999999e-05 17
1741174473383 8.101899999999999e-05 18
1741174691484 8.001999999999998e-05 19
