1741170543166 0.297757603082951 0
1741170761569 0.08817307758008965 1
1741170980050 0.06514311262690643 2
1741171198768 0.05225704624483894 3
1741171417172 0.04033639880525426 4
1741171635619 0.03661147784148781 5
1741171854091 0.033156400490586206 6
1741172072370 0.027509097673285028 7
1741172290844 0.025640407925977767 8
1741172509064 0.023013693583982184 9
1741172727472 0.020318355355280423 10
1741172945673 0.0177465344298177 11
1741173163741 0.01752510529482819 12
1741173382176 0.01665773745771258 13
1741173600680 0.015589717669136952 14
1741173818859 0.013937558973374472 15
1741174036992 0.01272277816545508 16
1741174255175 0.011023336646368469 17
1741174473383 0.010445459987289275 18
1741174691484 0.01066222616353045 19
