1741170543166 0.8774148390107326 0
1741170761569 0.9600315022642253 1
1741170980050 0.9682208649883312 2
1741171198768 0.9747911769119192 3
1741171417172 0.9815131116246358 4
1741171635619 0.9841962673088501 5
1741171854091 0.985759573290394 6
1741172072370 0.9880946400763551 7
1741172290844 0.988399071925754 8
1741172509064 0.9906320825988416 9
1741172727472 0.9911949685534591 10
1741172945673 0.992261784341493 11
1741173163741 0.9925270703065426 12
1741173382176 0.9930083999798803 13
1741173600680 0.993965300477747 14
1741173818859 0.9941960230140305 15
1741174036992 0.9943028485757122 16
1741174255175 0.9951881679582637 17
1741174473383 0.9956892179734252 18
1741174691484 0.9957968298982124 19
