1741170543166 0.9144316109422492 0
1741170761569 0.9744934922181419 1
1741170980050 0.9792587384491763 2
1741171198768 0.9833245036453997 3
1741171417172 0.9878153597249608 4
1741171635619 0.9888099198548314 5
1741171854091 0.9901940962393854 6
1741172072370 0.9919314170448815 7
1741172290844 0.9918509895227008 8
1741172509064 0.9931079750574335 9
1741172727472 0.9942966739009741 10
1741172945673 0.994651321959999 11
1741173163741 0.9948028125955365 12
1741173382176 0.995261141359145 13
1741173600680 0.9959436648106623 14
1741173818859 0.9961819515031985 15
1741174036992 0.9963443337172617 16
1741174255175 0.9968291012404555 17
1741174473383 0.9971810955634 18
1741174691484 0.9969832940401044 19
