1741170543166 0.9107572849180752 0
1741170761569 0.9740950220026834 1
1741170980050 0.9790591004077666 2
1741171198768 0.9832589793008103 3
1741171417172 0.9877906175569859 4
1741171635619 0.9887272122733831 5
1741171854091 0.9901599838648759 6
1741172072370 0.9918731189071378 7
1741172290844 0.9918348641236128 8
1741172509064 0.9930682013577546 9
1741172727472 0.9942598489960367 10
1741172945673 0.9946510144713213 11
1741173163741 0.994839310072201 12
1741173382176 0.9952210231607205 13
1741173600680 0.9959056086955975 14
1741173818859 0.9961666122251005 15
1741174036992 0.9962725328885372 16
1741174255175 0.9968314457497215 17
1741174473383 0.997187806697028 18
1741174691484 0.996981618485622 19
