1741170543166 0.9547093170855547 0
1741170761569 0.9893978592806777 1
1741170980050 0.9905511811023622 2
1741171198768 0.9920085513590553 3
1741171417172 0.9941990637085284 4
1741171635619 0.9934670312974779 5
1741171854091 0.9946686976389947 6
1741172072370 0.9957981066167164 7
1741172290844 0.9953271028037384 8
1741172509064 0.995596274549504 9
1741172727472 0.997417852260645 10
1741172945673 0.9970523961986075 11
1741173163741 0.9970890148613452 12
1741173382176 0.9975241271284927 13
1741173600680 0.9979299202261941 14
1741173818859 0.9981758297441095 15
1741174036992 0.9983942191890807 16
1741174255175 0.9984754548226445 17
1741174473383 0.9986774505315632 18
1741174691484 0.9981725888324873 19
