1741170543166 0.9107260642346137 0
1741170761569 0.9740981277588919 1
1741170980050 0.9790451062966158 2
1741171198768 0.9832310112131514 3
1741171417172 0.9877720838195748 4
1741171635619 0.9887361104064133 5
1741171854091 0.9901567811659648 6
1741172072370 0.9918818813739916 7
1741172290844 0.991831143132579 8
1741172509064 0.9930742300471865 9
1741172727472 0.9942665787203816 10
1741172945673 0.9946471155309757 11
1741173163741 0.9948246993759197 12
1741173382176 0.9952306053072201 13
1741173600680 0.9959155715662895 14
1741173818859 0.9961692627733523 15
1741174036992 0.9962961083768836 16
1741174255175 0.9968288599117154 17
1741174473383 0.9971840276016033 18
1741174691484 0.9969810746359531 19
