1741099309147 3.9200800000000006e-05 0
1741099409394 3.840160000000001e-05 1
1741099509324 3.760240000000001e-05 2
1741099609431 3.680320000000001e-05 3
1741099709603 3.600400000000001e-05 4
1741099809834 3.5204800000000006e-05 5
1741099910060 3.44056e-05 6
1741100010208 3.36064e-05 7
1741100110353 3.28072e-05 8
1741100210356 3.2008e-05 9
1741100310072 3.12088e-05 10
1741100410130 3.0409599999999998e-05 11
1741100509915 2.96104e-05 12
1741100609670 2.88112e-05 13
1741100709399 2.8012000000000002e-05 14
1741100809046 2.72128e-05 15
1741100909026 2.64136e-05 16
1741101008654 2.56144e-05 17
1741101108458 2.48152e-05 18
1741101208511 2.4016e-05 19
1741101308085 2.3216799999999998e-05 20
1741101407847 2.2417599999999997e-05 21
1741101507315 2.1618399999999996e-05 22
1741101607078 2.0819199999999995e-05 23
1741101706716 2.0019999999999995e-05 24
1741101806661 1.9220799999999994e-05 25
1741101906737 1.8421599999999993e-05 26
1741102006450 1.7622399999999992e-05 27
1741102106220 1.682319999999999e-05 28
1741102205912 1.602399999999999e-05 29
1741102305605 1.522479999999999e-05 30
1741102405341 1.4425599999999991e-05 31
1741102504987 1.362639999999999e-05 32
1741102604717 1.2827199999999991e-05 33
1741102704353 1.2027999999999992e-05 34
1741102804144 1.1228799999999993e-05 35
