1741099309147 0.6324595649749024 0
1741099409394 0.6831605928897805 1
1741099509324 0.750392464678179 2
1741099609431 0.8179407865665046 3
1741099709603 0.8340680456651972 4
1741099809834 0.8577797592510031 5
1741099910060 0.8773878276321635 6
1741100010208 0.891154151092989 7
1741100110353 0.9043712776716485 8
1741100210356 0.919560634638855 9
1741100310072 0.925158703641831 10
1741100410130 0.9305386572281827 11
1741100509915 0.9379517402424108 12
1741100609670 0.9390805889625716 13
1741100709399 0.9419412687738176 14
1741100809046 0.947664603263928 15
1741100909026 0.9503091872791519 16
1741101008654 0.9464445438282647 17
1741101108458 0.95499720826354 18
1741101208511 0.9542498318008522 19
1741101308085 0.9560764679107875 20
1741101407847 0.9549428379287155 21
1741101507315 0.957352439440464 22
1741101607078 0.9569532731125237 23
1741101706716 0.9622286220646876 24
1741101806661 0.9609488642721271 25
1741101906737 0.9616883840071278 26
1741102006450 0.9603354487760652 27
1741102106220 0.9627336061041689 28
1741102205912 0.9678705960558387 29
1741102305605 0.9673268434597739 30
1741102405341 0.9629178658401594 31
1741102504987 0.9684151785714286 32
1741102604717 0.9669900747184119 33
1741102704353 0.9681301537775797 34
1741102804144 0.9686513306269734 35
