1741099309147 0.5618738456372082 0
1741099409394 0.6897072815805675 1
1741099509324 0.7650416969832652 2
1741099609431 0.8198914199361952 3
1741099709603 0.8533609447584933 4
1741099809834 0.8671853137068338 5
1741099910060 0.8841999216432529 6
1741100010208 0.8976325068562153 7
1741100110353 0.9072032238204512 8
1741100210356 0.9168858789947949 9
1741100310072 0.9219230984496558 10
1741100410130 0.9275759780601108 11
1741100509915 0.9351318072424022 12
1741100609670 0.9361952202384284 13
1741100709399 0.9391056137012369 14
1741100809046 0.9433592656853417 15
1741100909026 0.9485643924553646 16
1741101008654 0.9429674819499636 17
1741101108458 0.9511949403929031 18
1741101208511 0.9529299826495774 19
1741101308085 0.9555045614820619 20
1741101407847 0.9533777354900095 21
1741101507315 0.955952314322494 22
1741101607078 0.9567918508983041 23
1741101706716 0.9590306151004645 24
1741101806661 0.9599261207813287 25
1741101906737 0.9600940280964907 26
1741102006450 0.9583589858398164 27
1741102106220 0.9600940280964907 28
1741102205912 0.9650752784462976 29
1741102305605 0.9642917109755414 30
1741102405341 0.961493255722841 31
1741102504987 0.9629484524542452 32
1741102604717 0.9662506296524318 33
1741102704353 0.966978228018134 34
1741102804144 0.9655790003917837 35
