1741099309147 0.5557189062040576 0
1741099409394 0.6941456233722115 1
1741099509324 0.7723915050784856 2
1741099609431 0.8250501448629374 3
1741099709603 0.8649630758410503 4
1741099809834 0.8752416695098374 5
1741099910060 0.8911449520586576 6
1741100010208 0.9006410256410257 7
1741100110353 0.9088650479954827 8
1741100210356 0.9160035366931919 9
1741100310072 0.9199335548172758 10
1741100410130 0.9266439035136028 11
1741100509915 0.9334882691456396 12
1741100609670 0.9332067463420083 13
1741100709399 0.9364831736126588 14
1741100809046 0.9389985502397681 15
1741100909026 0.9483195592286502 16
1741101008654 0.9400333148250972 17
1741101108458 0.9480101984258952 18
1741101208511 0.9515822430951583 19
1741101308085 0.9535807513335604 20
1741101407847 0.951848955423975 21
1741101507315 0.9533408833522083 22
1741101607078 0.9569532731125237 23
1741101706716 0.9569288389513109 24
1741101806661 0.9590173087660525 25
1741101906737 0.9590182141270547 26
1741102006450 0.9555705908885882 27
1741102106220 0.9585994274388902 28
1741102205912 0.9631753031973539 29
1741102305605 0.9615170726281838 30
1741102405341 0.9610030932390632 31
1741102504987 0.9581492932862191 32
1741102604717 0.9658053018489642 33
1741102704353 0.9661921708185054 34
1741102804144 0.9622493558866361 35
