1741099309147 0.5616240759046608 0
1741099409394 0.6897363567102376 1
1741099509324 0.7650163239694392 2
1741099609431 0.819917642290626 3
1741099709603 0.8531759297062128 4
1741099809834 0.8672260235265696 5
1741099910060 0.8842541078812967 6
1741100010208 0.8975576022116859 7
1741100110353 0.9071923292907753 8
1741100210356 0.9168618623838052 9
1741100310072 0.9219065345391874 10
1741100410130 0.9275398928561037 11
1741100509915 0.9351128996456588 12
1741100609670 0.9362069611479525 13
1741100709399 0.9391092593170374 14
1741100809046 0.9433825131661435 15
1741100909026 0.9485401344408472 16
1741101008654 0.9429633903720501 17
1741101108458 0.9511857675069944 18
1741101208511 0.9529322686772727 19
1741101308085 0.955513726851087 20
1741101407847 0.9533797476395953 21
1741101507315 0.9559739935796104 22
1741101607078 0.9567912432978348 23
1741101706716 0.9589964243935838 24
1741101806661 0.9599257199300165 25
1741101906737 0.9600858661709807 26
1741102006450 0.9583829184607962 27
1741102106220 0.9600612726803709 28
1741102205912 0.9650460321077745 29
1741102305605 0.9642905213939408 30
1741102405341 0.9614770468111699 31
1741102504987 0.962932187916005 32
1741102604717 0.96624784634797 33
1741102704353 0.9669729819826839 34
1741102804144 0.9656013626131866 35
