1741099309147 0.5916110183639399 0
1741099409394 0.6886093012806112 1
1741099509324 0.761233079285633 2
1741099609431 0.8214800843226451 3
1741099709603 0.8492346645183565 4
1741099809834 0.8664227413453419 5
1741099910060 0.8842128826459231 6
1741100010208 0.8958724736692286 7
1741100110353 0.9066125943449364 8
1741100210356 0.9177786390565307 9
1741100310072 0.9225387306346826 10
1741100410130 0.9285871964679911 11
1741100509915 0.9357146819013811 12
1741100609670 0.9361344537815126 13
1741100709399 0.9392042914617792 14
1741100809046 0.9433116737620435 15
1741100909026 0.9493133307594728 16
1741101008654 0.9432280349880217 17
1741101108458 0.9514908767245216 18
1741101208511 0.9529141705391635 19
1741101308085 0.954826978805614 20
1741101407847 0.9533933866726347 21
1741101507315 0.9553424502071157 22
1741101607078 0.9569532731125237 23
1741101706716 0.9595714127913398 24
1741101806661 0.9599821149116924 25
1741101906737 0.9603514430295279 26
1741102006450 0.9579470947320823 27
1741102106220 0.9606620689655172 28
1741102205912 0.9655172413793104 29
1741102305605 0.964413208389112 30
1741102405341 0.9619595267057393 31
1741102504987 0.9632548845470693 32
1741102604717 0.9663973251602117 33
1741102704353 0.9671601914727819 34
1741102804144 0.9654397302613094 35
