1741099309147 0.6874657958905898 0
1741099409394 0.6684686494641312 1
1741099509324 0.6401399425189269 2
1741099609431 0.5790466805370208 3
1741099709603 0.4716775499964016 4
1741099809834 0.3730083092487349 5
1741099910060 0.30509138424515936 6
1741100010208 0.26756628493450196 7
1741100110353 0.23752259729640002 8
1741100210356 0.2162005193198303 9
1741100310072 0.20183199461489543 10
1741100410130 0.18796067364007393 11
1741100509915 0.1709105715435498 12
1741100609670 0.1689437369287867 13
1741100709399 0.15597479916735818 14
1741100809046 0.15016720378654802 15
1741100909026 0.1406135274020685 16
1741101008654 0.14287399350663843 17
1741101108458 0.1287921008142461 18
1741101208511 0.12392910947766628 19
1741101308085 0.1173653571778152 20
1741101407847 0.1211449634317102 21
1741101507315 0.11644248097421925 22
1741101607078 0.11608187673190253 23
1741101706716 0.1067277535809494 24
1741101806661 0.10667845556322546 25
1741101906737 0.10603697754589304 26
1741102006450 0.10995971234698575 27
1741102106220 0.10484619393664844 28
1741102205912 0.0958859401368511 29
1741102305605 0.09297906334990093 30
1741102405341 0.09903125551717493 31
1741102504987 0.09619286639552584 32
1741102604717 0.09245661921026135 33
1741102704353 0.09003772837324785 34
1741102804144 0.08938460140480711 35
