1751272676231 0.1437145173549652 0
1751272695943 0.14926746487617493 1
1751272715523 0.1536555290222168 2
1751272735098 0.16546189785003662 3
1751272754884 0.20488426089286804 4
1751272774925 0.28331825137138367 5
1751272794731 0.40972137451171875 6
1751272814526 0.5872867107391357 7
1751272834407 0.6963211894035339 8
1751272854245 0.7799797058105469 9
1751272873858 0.8364523649215698 10
1751272893640 0.8748191595077515 11
1751272913318 0.9041417241096497 12
1751272933026 0.916244387626648 13
1751272952665 0.9307693243026733 14
1751272972362 0.934931755065918 15
1751272992073 0.937990128993988 16
1751273015177 0.9418395161628723 17
1751273034810 0.9426918029785156 18
1751273054512 0.9417386054992676 19
1751273074309 0.9448907971382141 20
1751273093953 0.9455866813659668 21
1751273113545 0.944969892501831 22
1751273133205 0.9456074833869934 23
1751273152867 0.9479888081550598 24
1751273172491 0.945777177810669 25
1751273192218 0.9481574892997742 26
1751273212085 0.9478492140769958 27
1751273231725 0.9505079388618469 28
1751273251355 0.950126051902771 29
1751273270982 0.9517019391059875 30
1751273290560 0.9512730836868286 31
1751273310179 0.9509870409965515 32
1751273329841 0.9522112607955933 33
1751273349531 0.9516765475273132 34
1751273369213 0.9518358111381531 35
1751273388559 0.9497589468955994 36
1751273408182 0.9540680646896362 37
1751273428001 0.953031599521637 38
1751273447881 0.9520164728164673 39
1751273467530 0.9542526006698608 40
1751273487213 0.9513251781463623 41
1751273506871 0.9525181651115417 42
1751273526153 0.9553099274635315 43
1751273545885 0.9530590772628784 44
1751273565672 0.9491098523139954 45
1751273585367 0.9539285898208618 46
1751273605118 0.9544550180435181 47
1751273624737 0.9529047012329102 48
1751273644348 0.9515095949172974 49
1751273664238 0.9560113549232483 50
1751273684073 0.9544161558151245 51
1751273703727 0.9565988779067993 52
1751273723500 0.9554190635681152 53
1751273742765 0.9566068649291992 54
1751273762141 0.9564893841743469 55
1751273781864 0.9562647342681885 56
1751273801656 0.9567753076553345 57
1751273820956 0.9555778503417969 58
1751273840582 0.9564908146858215 59
1751273860243 0.9568254947662354 60
1751273879429 0.9586130380630493 61
1751273898829 0.955136775970459 62
1751273918162 0.9570457935333252 63
1751273937478 0.9550213813781738 64
1751273957117 0.9593203663825989 65
1751273976753 0.9582109451293945 66
1751273996486 0.9557680487632751 67
1751274016328 0.9575075507164001 68
1751274036037 0.9561586976051331 69
1751274055487 0.956508457660675 70
1751274074956 0.9557104706764221 71
1751274094870 0.9576626420021057 72
1751274114276 0.9588190913200378 73
1751274133953 0.9571696519851685 74
1751274153355 0.9560826420783997 75
1751274173071 0.9566011428833008 76
1751274192885 0.9573503732681274 77
1751274212206 0.957922101020813 78
1751274231883 0.9581835865974426 79
1751274251577 0.9595709443092346 80
1751274271484 0.9540174603462219 81
1751274291083 0.9556843042373657 82
1751274310732 0.9592586755752563 83
1751274330713 0.958479106426239 84
1751274350449 0.9582810997962952 85
1751274370005 0.9564395546913147 86
1751274389426 0.9586572051048279 87
1751274408844 0.9589634537696838 88
1751274428404 0.9604663252830505 89
1751274448068 0.9589927196502686 90
1751274467417 0.9544082880020142 91
1751274486637 0.9590441584587097 92
1751274506021 0.9589805006980896 93
1751274525355 0.9576504826545715 94
1751274545208 0.959518551826477 95
1751274564836 0.9583637714385986 96
1751274584367 0.9560357332229614 97
1751274603811 0.9599721431732178 98
1751274623339 0.9589815139770508 99
