1751272676231 0.39302465319633484 0
1751272695943 0.6362776756286621 1
1751272715523 0.7942740321159363 2
1751272735098 0.8648546934127808 3
1751272754884 0.8910892605781555 4
1751272774925 0.9059779047966003 5
1751272794731 0.9132559299468994 6
1751272814526 0.921840488910675 7
1751272834407 0.9299075603485107 8
1751272854245 0.9327855110168457 9
1751272873858 0.937190592288971 10
1751272893640 0.937602162361145 11
1751272913318 0.9397914409637451 12
1751272933026 0.9425740838050842 13
1751272952665 0.9455069899559021 14
1751272972362 0.9443391561508179 15
1751272992073 0.9476419687271118 16
1751273015177 0.9455254673957825 17
1751273034810 0.9480570554733276 18
1751273054512 0.9471177458763123 19
1751273074309 0.9506114721298218 20
1751273093953 0.9499890208244324 21
1751273113545 0.9510213732719421 22
1751273133205 0.951999306678772 23
1751273152867 0.9536193609237671 24
1751273172491 0.950991690158844 25
1751273192218 0.9537992477416992 26
1751273212085 0.9554744958877563 27
1751273231725 0.9565238952636719 28
1751273251355 0.9562825560569763 29
1751273270982 0.9561870694160461 30
1751273290560 0.9535747170448303 31
1751273310179 0.956163227558136 32
1751273329841 0.9552294611930847 33
1751273349531 0.9574512243270874 34
1751273369213 0.9564253687858582 35
1751273388559 0.9570111632347107 36
1751273408182 0.9596806168556213 37
1751273428001 0.9592018723487854 38
1751273447881 0.9572052359580994 39
1751273467530 0.960964560508728 40
1751273487213 0.959222674369812 41
1751273506871 0.9597811102867126 42
1751273526153 0.9628128409385681 43
1751273545885 0.960489809513092 44
1751273565672 0.9563440084457397 45
1751273585367 0.9608950018882751 46
1751273605118 0.9591121077537537 47
1751273624737 0.9579204320907593 48
1751273644348 0.9563825726509094 49
1751273664238 0.9597559571266174 50
1751273684073 0.9599570035934448 51
1751273703727 0.961931049823761 52
1751273723500 0.9618712663650513 53
1751273742765 0.9615235328674316 54
1751273762141 0.9625920653343201 55
1751273781864 0.9612111449241638 56
1751273801656 0.963573694229126 57
1751273820956 0.9616767168045044 58
1751273840582 0.9631661176681519 59
1751273860243 0.9622781872749329 60
1751273879429 0.964802086353302 61
1751273898829 0.9619233012199402 62
1751273918162 0.960460901260376 63
1751273937478 0.9624137282371521 64
1751273957117 0.9641171097755432 65
1751273976753 0.9646155834197998 66
1751273996486 0.9643458127975464 67
1751274016328 0.9673829078674316 68
1751274036037 0.9638472199440002 69
1751274055487 0.9625247120857239 70
1751274074956 0.9614201784133911 71
1751274094870 0.9656325578689575 72
1751274114276 0.9641563296318054 73
1751274133953 0.9642289876937866 74
1751274153355 0.9622442126274109 75
1751274173071 0.9638896584510803 76
1751274192885 0.9645388722419739 77
1751274212206 0.9656898975372314 78
1751274231883 0.9664011001586914 79
1751274251577 0.9675123691558838 80
1751274271484 0.9626196622848511 81
1751274291083 0.9639852046966553 82
1751274310732 0.9634596705436707 83
1751274330713 0.9662471413612366 84
1751274350449 0.9673712849617004 85
1751274370005 0.9661383032798767 86
1751274389426 0.9663527011871338 87
1751274408844 0.9666964411735535 88
1751274428404 0.9676403403282166 89
1751274448068 0.967770516872406 90
1751274467417 0.9620876908302307 91
1751274486637 0.9655799865722656 92
1751274506021 0.9662079215049744 93
1751274525355 0.9669321179389954 94
1751274545208 0.9664125442504883 95
1751274564836 0.9675496816635132 96
1751274584367 0.964928925037384 97
1751274603811 0.966592013835907 98
1751274623339 0.9670917391777039 99
