1751272676231 0.2488517314195633 0
1751272695943 0.47655269503593445 1
1751272715523 0.6670289635658264 2
1751272735098 0.7656822800636292 3
1751272754884 0.8070222735404968 4
1751272774925 0.8303502798080444 5
1751272794731 0.8426348567008972 6
1751272814526 0.8568090796470642 7
1751272834407 0.8711465001106262 8
1751272854245 0.8761825561523438 9
1751272873858 0.8836379051208496 10
1751272893640 0.8846272230148315 11
1751272913318 0.8887070417404175 12
1751272933026 0.8931148052215576 13
1751272952665 0.8987421989440918 14
1751272972362 0.8963634371757507 15
1751272992073 0.902309775352478 16
1751273015177 0.8988732099533081 17
1751273034810 0.902835488319397 18
1751273054512 0.901187539100647 19
1751273074309 0.9072379469871521 20
1751273093953 0.9066129922866821 21
1751273113545 0.908388614654541 22
1751273133205 0.909958004951477 23
1751273152867 0.9127741456031799 24
1751273172491 0.9081022143363953 25
1751273192218 0.9134669899940491 26
1751273212085 0.9164650440216064 27
1751273231725 0.9181742668151855 28
1751273251355 0.9175372123718262 29
1751273270982 0.9176763892173767 30
1751273290560 0.9133811593055725 31
1751273310179 0.917485773563385 32
1751273329841 0.9156137704849243 33
1751273349531 0.9195399880409241 34
1751273369213 0.9178427457809448 35
1751273388559 0.9191951155662537 36
1751273408182 0.92397141456604 37
1751273428001 0.9230783581733704 38
1751273447881 0.9192536473274231 39
1751273467530 0.9259923100471497 40
1751273487213 0.9229249358177185 41
1751273506871 0.9239377379417419 42
1751273526153 0.9295425415039062 43
1751273545885 0.9252840280532837 44
1751273565672 0.9179568290710449 45
1751273585367 0.9259487390518188 46
1751273605118 0.9228435754776001 47
1751273624737 0.9213860034942627 48
1751273644348 0.9180211424827576 49
1751273664238 0.9239091873168945 50
1751273684073 0.9251426458358765 51
1751273703727 0.9276708960533142 52
1751273723500 0.9279201626777649 53
1751273742765 0.9273650646209717 54
1751273762141 0.9290741086006165 55
1751273781864 0.9267690777778625 56
1751273801656 0.9308014512062073 57
1751273820956 0.9276374578475952 58
1751273840582 0.9302785396575928 59
1751273860243 0.9283311367034912 60
1751273879429 0.9329096078872681 61
1751273898829 0.9282959699630737 62
1751273918162 0.9254934191703796 63
1751273937478 0.9291648864746094 64
1751273957117 0.9317474365234375 65
1751273976753 0.9325980544090271 66
1751273996486 0.9322226047515869 67
1751274016328 0.9376028180122375 68
1751274036037 0.9313040375709534 69
1751274055487 0.9291355013847351 70
1751274074956 0.9272254705429077 71
1751274094870 0.9346845746040344 72
1751274114276 0.9318438172340393 73
1751274133953 0.932083010673523 74
1751274153355 0.928570568561554 75
1751274173071 0.9314537644386292 76
1751274192885 0.9329027533531189 77
1751274212206 0.9346669912338257 78
1751274231883 0.9360852837562561 79
1751274251577 0.9378042817115784 80
1751274271484 0.9308084845542908 81
1751274291083 0.9315531849861145 82
1751274310732 0.9305274486541748 83
1751274330713 0.935739278793335 84
1751274350449 0.9378318190574646 85
1751274370005 0.9360141754150391 86
1751274389426 0.9364080429077148 87
1751274408844 0.9367069602012634 88
1751274428404 0.9381231665611267 89
1751274448068 0.9385014176368713 90
1751274467417 0.9281833171844482 91
1751274486637 0.9344855546951294 92
1751274506021 0.9359549283981323 93
1751274525355 0.9375297427177429 94
1751274545208 0.9361848831176758 95
1751274564836 0.9380278587341309 96
1751274584367 0.9337493181228638 97
1751274603811 0.9362674951553345 98
1751274623339 0.9375189542770386 99
