1751272676231 0.16319037973880768 0
1751272695943 0.2786696255207062 1
1751272715523 0.3751940429210663 2
1751272735098 0.4280746281147003 3
1751272754884 0.4609072208404541 4
1751272774925 0.49876829981803894 5
1751272794731 0.5537515878677368 6
1751272814526 0.6421617269515991 7
1751272834407 0.7082353234291077 8
1751272854245 0.7616198062896729 9
1751272873858 0.8039772510528564 10
1751272893640 0.8326183557510376 11
1751272913318 0.8581455945968628 12
1751272933026 0.8706679344177246 13
1751272952665 0.8855823278427124 14
1751272972362 0.8883223533630371 15
1751272992073 0.8939163684844971 16
1751273015177 0.8955643773078918 17
1751273034810 0.8982290029525757 18
1751273054512 0.8965557217597961 19
1751273074309 0.9023082256317139 20
1751273093953 0.9026108384132385 21
1751273113545 0.9029443264007568 22
1751273133205 0.904248833656311 23
1751273152867 0.907697319984436 24
1751273172491 0.9035055637359619 25
1751273192218 0.9083521366119385 26
1751273212085 0.9097579121589661 27
1751273231725 0.9126814603805542 28
1751273251355 0.9120739698410034 29
1751273270982 0.9135051965713501 30
1751273290560 0.9110599756240845 31
1751273310179 0.9126839637756348 32
1751273329841 0.9128909111022949 33
1751273349531 0.914467453956604 34
1751273369213 0.9137018918991089 35
1751273388559 0.9128305912017822 36
1751273408182 0.9188016653060913 37
1751273428001 0.9175001382827759 38
1751273447881 0.9146274328231812 39
1751273467530 0.9199020862579346 40
1751273487213 0.9158587455749512 41
1751273506871 0.917363703250885 42
1751273526153 0.9226953983306885 43
1751273545885 0.9186363816261292 44
1751273565672 0.9118127822875977 45
1751273585367 0.919661283493042 46
1751273605118 0.9185346364974976 47
1751273624737 0.9170439839363098 48
1751273644348 0.9136089086532593 49
1751273664238 0.920457124710083 50
1751273684073 0.9198065996170044 51
1751273703727 0.9227782487869263 52
1751273723500 0.9219534397125244 53
1751273742765 0.9228324890136719 54
1751273762141 0.9235241413116455 55
1751273781864 0.9220576882362366 56
1751273801656 0.9245971441268921 57
1751273820956 0.9221442937850952 58
1751273840582 0.9241145253181458 59
1751273860243 0.92342609167099 60
1751273879429 0.9272368550300598 61
1751273898829 0.9222143888473511 62
1751273918162 0.922210693359375 63
1751273937478 0.922344446182251 64
1751273957117 0.9273058176040649 65
1751273976753 0.9267423748970032 66
1751273996486 0.9244571924209595 67
1751274016328 0.9285566806793213 68
1751274036037 0.9242722988128662 69
1751274055487 0.9234703779220581 70
1751274074956 0.9220153093338013 71
1751274094870 0.9273578524589539 72
1751274114276 0.9269181489944458 73
1751274133953 0.9255594611167908 74
1751274153355 0.9229414463043213 75
1751274173071 0.9247682094573975 76
1751274192885 0.9263402223587036 77
1751274212206 0.9275235533714294 78
1751274231883 0.92852383852005 79
1751274251577 0.9305472373962402 80
1751274271484 0.9229593276977539 81
1751274291083 0.9239346981048584 82
1751274310732 0.9267182946205139 83
1751274330713 0.9286423921585083 84
1751274350449 0.9294543266296387 85
1751274370005 0.9272217750549316 86
1751274389426 0.9293189644813538 87
1751274408844 0.9296059608459473 88
1751274428404 0.9314415454864502 89
1751274448068 0.9304507970809937 90
1751274467417 0.9211682081222534 91
1751274486637 0.9286282658576965 92
1751274506021 0.9292868375778198 93
1751274525355 0.9289972186088562 94
1751274545208 0.9297698736190796 95
1751274564836 0.929745614528656 96
1751274584367 0.9255486726760864 97
1751274603811 0.9302308559417725 98
1751274623339 0.9301044940948486 99
