1751272676231 0.07752902805805206 0
1751272695943 0.0807865634560585 1
1751272715523 0.08335910737514496 2
1751272735098 0.09046696871519089 3
1751272754884 0.11479219794273376 4
1751272774925 0.16718633472919464 5
1751272794731 0.2648683488368988 6
1751272814526 0.42751434445381165 7
1751272834407 0.5453241467475891 8
1751272854245 0.6470571160316467 9
1751272873858 0.7243165373802185 10
1751272893640 0.7806094288825989 11
1751272913318 0.8275841474533081 12
1751272933026 0.8482211232185364 13
1751272952665 0.8724225163459778 14
1751272972362 0.8802812099456787 15
1751272992073 0.8855229020118713 16
1751273015177 0.8922555446624756 17
1751273034810 0.8936225771903992 18
1751273054512 0.8919239044189453 19
1751273074309 0.8973784446716309 20
1751273093953 0.8986086845397949 21
1751273113545 0.8974999785423279 22
1751273133205 0.8985397219657898 23
1751273152867 0.9026204943656921 24
1751273172491 0.8989089131355286 25
1751273192218 0.9032372236251831 26
1751273212085 0.9030507802963257 27
1751273231725 0.9071887135505676 28
1751273251355 0.9066106677055359 29
1751273270982 0.9093340635299683 30
1751273290560 0.9087387919425964 31
1751273310179 0.9078822135925293 32
1751273329841 0.9101680517196655 33
1751273349531 0.9093948602676392 34
1751273369213 0.9095610976219177 35
1751273388559 0.9064661264419556 36
1751273408182 0.9136319756507874 37
1751273428001 0.9119219779968262 38
1751273447881 0.9100012183189392 39
1751273467530 0.9138118028640747 40
1751273487213 0.9087924957275391 41
1751273506871 0.9107896685600281 42
1751273526153 0.9158482551574707 43
1751273545885 0.9119887351989746 44
1751273565672 0.9056687355041504 45
1751273585367 0.9133737683296204 46
1751273605118 0.9142257571220398 47
1751273624737 0.9127019643783569 48
1751273644348 0.909196674823761 49
1751273664238 0.9170050621032715 50
1751273684073 0.9144705533981323 51
1751273703727 0.9178855419158936 52
1751273723500 0.9159866571426392 53
1751273742765 0.9182999730110168 54
1751273762141 0.9179741740226746 55
1751273781864 0.9173462986946106 56
1751273801656 0.9183928966522217 57
1751273820956 0.9166511297225952 58
1751273840582 0.9179505109786987 59
1751273860243 0.9185210466384888 60
1751273879429 0.9215641021728516 61
1751273898829 0.9161328077316284 62
1751273918162 0.9189280271530151 63
1751273937478 0.9155239462852478 64
1751273957117 0.9228642582893372 65
1751273976753 0.9208866953849792 66
1751273996486 0.916691780090332 67
1751274016328 0.9195106029510498 68
1751274036037 0.917240560054779 69
1751274055487 0.9178053140640259 70
1751274074956 0.9168051481246948 71
1751274094870 0.9200311303138733 72
1751274114276 0.9219925403594971 73
1751274133953 0.9190359115600586 74
1751274153355 0.9173123240470886 75
1751274173071 0.918082594871521 76
1751274192885 0.9197776317596436 77
1751274212206 0.9203801155090332 78
1751274231883 0.920962393283844 79
1751274251577 0.9232902526855469 80
1751274271484 0.915110170841217 81
1751274291083 0.9163161516189575 82
1751274310732 0.922909140586853 83
1751274330713 0.9215455651283264 84
1751274350449 0.9210768342018127 85
1751274370005 0.9184293150901794 86
1751274389426 0.9222298860549927 87
1751274408844 0.9225049614906311 88
1751274428404 0.9247598648071289 89
1751274448068 0.9224001169204712 90
1751274467417 0.9141531586647034 91
1751274486637 0.9227709770202637 92
1751274506021 0.9226188063621521 93
1751274525355 0.9204646944999695 94
1751274545208 0.9233548641204834 95
1751274564836 0.9214633703231812 96
1751274584367 0.9173480868339539 97
1751274603811 0.9241942167282104 98
1751274623339 0.9226900935173035 99
