1751272676231 0.26836958527565 0
1751272695943 0.3927725553512573 1
1751272715523 0.47396478056907654 2
1751272735098 0.5151582956314087 3
1751272754884 0.5479867458343506 4
1751272774925 0.5946480631828308 5
1751272794731 0.6614886522293091 6
1751272814526 0.754563570022583 7
1751272834407 0.8131144046783447 8
1751272854245 0.8563826084136963 9
1751272873858 0.8868215084075928 10
1751272893640 0.9062106609344482 11
1751272913318 0.921966552734375 12
1751272933026 0.9294092655181885 13
1751272952665 0.9381381273269653 14
1751272972362 0.9396354556083679 15
1751272992073 0.9428160190582275 16
1751273015177 0.9436824917793274 17
1751273034810 0.9453744292259216 18
1751273054512 0.9444282054901123 19
1751273074309 0.9477511644363403 20
1751273093953 0.947787880897522 21
1751273113545 0.947995662689209 22
1751273133205 0.9488034248352051 23
1751273152867 0.9508041143417358 24
1751273172491 0.9483844041824341 25
1751273192218 0.9509783983230591 26
1751273212085 0.9516618251800537 27
1751273231725 0.953515887260437 28
1751273251355 0.9532042741775513 29
1751273270982 0.9539445042610168 30
1751273290560 0.9524239301681519 31
1751273310179 0.9535751342773438 32
1751273329841 0.9537203311920166 33
1751273349531 0.9545638561248779 34
1751273369213 0.9541305899620056 35
1751273388559 0.953385055065155 36
1751273408182 0.9568743705749512 37
1751273428001 0.9561167359352112 38
1751273447881 0.9546108245849609 39
1751273467530 0.9576085805892944 40
1751273487213 0.9552739262580872 41
1751273506871 0.9561496376991272 42
1751273526153 0.9590613842010498 43
1751273545885 0.9567744731903076 44
1751273565672 0.9527269601821899 45
1751273585367 0.9574117660522461 46
1751273605118 0.9567835330963135 47
1751273624737 0.9554125666618347 48
1751273644348 0.9539461135864258 49
1751273664238 0.9578836560249329 50
1751273684073 0.9571865797042847 51
1751273703727 0.9592649936676025 52
1751273723500 0.9586451649665833 53
1751273742765 0.9590651988983154 54
1751273762141 0.9595407247543335 55
1751273781864 0.9587379693984985 56
1751273801656 0.9601745009422302 57
1751273820956 0.9586272835731506 58
1751273840582 0.9598284959793091 59
1751273860243 0.9595518112182617 60
1751273879429 0.961707592010498 61
1751273898829 0.958530068397522 62
1751273918162 0.9587533473968506 63
1751273937478 0.9587175846099854 64
1751273957117 0.961718738079071 65
1751273976753 0.9614132642745972 66
1751273996486 0.9600569009780884 67
1751274016328 0.9624452590942383 68
1751274036037 0.9600029587745667 69
1751274055487 0.9595165848731995 70
1751274074956 0.958565354347229 71
1751274094870 0.961647629737854 72
1751274114276 0.9614877104759216 73
1751274133953 0.9606993198394775 74
1751274153355 0.9591634273529053 75
1751274173071 0.9602453708648682 76
1751274192885 0.960944652557373 77
1751274212206 0.9618059992790222 78
1751274231883 0.9622923135757446 79
1751274251577 0.9635416269302368 80
1751274271484 0.9583185911178589 81
1751274291083 0.9598347544670105 82
1751274310732 0.9613591432571411 83
1751274330713 0.9623631238937378 84
1751274350449 0.9628261923789978 85
1751274370005 0.9612889289855957 86
1751274389426 0.9625049829483032 87
1751274408844 0.9628299474716187 88
1751274428404 0.9640533328056335 89
1751274448068 0.9633816480636597 90
1751274467417 0.9582480192184448 91
1751274486637 0.9623121023178101 92
1751274506021 0.962594211101532 93
1751274525355 0.9622913002967834 94
1751274545208 0.9629655480384827 95
1751274564836 0.9629567265510559 96
1751274584367 0.9604823589324951 97
1751274603811 0.9632821083068848 98
1751274623339 0.9630366563796997 99
