1751272676231 0.5213350578516471 0
1751272695943 0.3916770663081097 1
1751272715523 0.35335793089465933 2
1751272735098 0.3279036311041407 3
1751272754884 0.30931590585147634 4
1751272774925 0.29294912704900533 5
1751272794731 0.27944325649437785 6
1751272814526 0.2661836407765621 7
1751272834407 0.2521654343655129 8
1751272854245 0.2421774779047285 9
1751272873858 0.23064755942641185 10
1751272893640 0.22146440516499913 11
1751272913318 0.2116357809355279 12
1751272933026 0.2021643291501438 13
1751272952665 0.19288895310474044 14
1751272972362 0.18625031586955576 15
1751272992073 0.1775302890719486 16
1751273015177 0.1711559968084848 17
1751273034810 0.16345041188873163 18
1751273054512 0.15774751561028616 19
1751273074309 0.14969600812226785 20
1751273093953 0.14446010590851807 21
1751273113545 0.13851103718791688 22
1751273133205 0.13327502709727326 23
1751273152867 0.12705253377682021 24
1751273172491 0.12349584404410434 25
1751273192218 0.11767681256061842 26
1751273212085 0.11287331518505801 27
1751273231725 0.10797151603869029 28
1751273251355 0.10430377408736895 29
1751273270982 0.10032649789036822 30
1751273290560 0.0971490305011012 31
1751273310179 0.09360254881512217 32
1751273329841 0.09097823688463003 33
1751273349531 0.086627908802333 34
1751273369213 0.08464376665964848 35
1751273388559 0.08173093493996549 36
1751273408182 0.07731698415860408 37
1751273428001 0.07537017161605739 38
1751273447881 0.07388646471775881 39
1751273467530 0.06980219915384005 40
1751273487213 0.06881242473961927 41
1751273506871 0.06633620176996503 42
1751273526153 0.06300711008806188 43
1751273545885 0.062264268544792126 44
1751273565672 0.06216655299067497 45
1751273585367 0.059019140053947435 46
1751273605118 0.057631404272147586 47
1751273624737 0.05712332557730314 48
1751273644348 0.05622124142882203 49
1751273664238 0.052635006919628434 50
1751273684073 0.05140212960854298 51
1751273703727 0.04938877076536667 52
1751273723500 0.04845257522929616 53
1751273742765 0.047702673071322324 54
1751273762141 0.04584913218722624 55
1751273781864 0.045533406289936115 56
1751273801656 0.04321268934975652 57
1751273820956 0.04369071509469958 58
1751273840582 0.0415032551694317 59
1751273860243 0.04078725983678293 60
1751273879429 0.03898328959065325 61
1751273898829 0.03987037385774761 62
1751273918162 0.03984339541497351 63
1751273937478 0.03801369444788003 64
1751273957117 0.03625680534403865 65
1751273976753 0.03578832629723709 66
1751273996486 0.035240732618615406 67
1751274016328 0.03325067646801472 68
1751274036037 0.034042607351135803 69
1751274055487 0.034402027381818835 70
1751274074956 0.03488712407210294 71
1751274094870 0.032494733986609126 72
1751274114276 0.03177596199787965 73
1751274133953 0.031703032803635636 74
1751274153355 0.03183958029859707 75
1751274173071 0.03146851645046923 76
1751274192885 0.030430100294722227 77
1751274212206 0.029551531446455906 78
1751274231883 0.028906830672581655 79
1751274251577 0.027325058152445226 80
1751274271484 0.03102499825739059 81
1751274291083 0.02980361817827245 82
1751274310732 0.02836973309329077 83
1751274330713 0.02666784664850776 84
1751274350449 0.026661511604525463 85
1751274370005 0.027074231836600463 86
1751274389426 0.026121258046947607 87
1751274408844 0.026359773295767167 88
1751274428404 0.0251670793606704 89
1751274448068 0.025680399507659823 90
1751274467417 0.0285813585080269 91
1751274486637 0.025795087132195967 92
1751274506021 0.025518930939754016 93
1751274525355 0.0252711277048127 94
1751274545208 0.02485437775735094 95
1751274564836 0.023788899308493157 96
1751274584367 0.02526593454056928 97
1751274603811 0.024598107994103634 98
1751274623339 0.023452357600341325 99
