1741091811322 0.5098101265822785 0
1741091828060 0.5996835443037974 1
1741091844851 0.6439873417721519 2
1741091861672 0.675 3
1741091878441 0.6962025316455697 4
1741091895265 0.7268987341772152 5
1741091911934 0.7376582278481013 6
1741091928751 0.745253164556962 7
1741091945442 0.7734177215189874 8
1741091962199 0.7949367088607595 9
1741091979025 0.8082278481012658 10
1741091995718 0.835126582278481 11
1741092012582 0.8474683544303797 12
1741092029306 0.8541139240506329 13
1741092046100 0.8566455696202532 14
1741092062795 0.8531645569620253 15
1741092079579 0.8534810126582278 16
1741092096391 0.8509493670886076 17
1741092113192 0.8825949367088608 18
1741092130008 0.8629746835443038 19
1741092146802 0.8791139240506329 20
1741092163604 0.8873417721518987 21
1741092180409 0.8813291139240507 22
1741092197219 0.8911392405063291 23
1741092214035 0.8971518987341772 24
1741092230742 0.895253164556962 25
1741092247537 0.895253164556962 26
1741092264299 0.9079113924050632 27
1741092281043 0.9085443037974683 28
1741092297868 0.9174050632911392 29
1741092314685 0.910126582278481 30
1741092331521 0.9177215189873418 31
1741092348254 0.9180379746835443 32
1741092365008 0.9348101265822785 33
1741092381660 0.9208860759493671 34
1741092398477 0.9338607594936709 35
1741092415320 0.9319620253164557 36
1741092432101 0.9363924050632911 37
1741092448841 0.9370253164556962 38
1741092465540 0.9379746835443038 39
1741092482370 0.9246835443037975 40
1741092499120 0.930379746835443 41
1741092515832 0.9465189873417722 42
1741092532560 0.9408227848101266 43
1741092549270 0.9322784810126582 44
1741092566037 0.9493670886075949 45
