1741091811322 0.6935257496255817 0
1741091828060 0.6830631915969078 1
1741091844851 0.6729961513268827 2
1741091861672 0.6632854860238354 3
1741091878441 0.6508981019559533 4
1741091895265 0.6350024577343103 5
1741091911934 0.6129125513211645 6
1741091928751 0.5907881813819962 7
1741091945442 0.5536937918325867 8
1741091962199 0.5181721981727716 9
1741091979025 0.47496317251764164 10
1741091995718 0.42291076707117486 11
1741092012582 0.39144830706745687 12
1741092029306 0.3527692003984644 13
1741092046100 0.34267157256001174 14
1741092062795 0.335943749908245 15
1741092079579 0.32306718434950316 16
1741092096391 0.33267306649323664 17
1741092113192 0.2888010457308606 18
1741092130008 0.302522983063351 19
1741092146802 0.2785777556474763 20
1741092163604 0.268857392999861 21
1741092180409 0.26979273203948534 22
1741092197219 0.25178364453592683 23
1741092214035 0.24317733845626466 24
1741092230742 0.23823938481133394 25
1741092247537 0.23714742177363599 26
1741092264299 0.22807574166794015 27
1741092281043 0.2158922554567607 28
1741092297868 0.207599551840262 29
1741092314685 0.21253758352814298 30
1741092331521 0.2023200870613859 31
1741092348254 0.19676433680484992 32
1741092365008 0.17519819653696483 33
1741092381660 0.18762470375407825 34
1741092398477 0.17590062150901015 35
1741092415320 0.1701536536066219 36
1741092432101 0.1687039148927939 37
1741092448841 0.16235017562002846 38
1741092465540 0.1621715956264072 39
1741092482370 0.180586035579744 40
1741092499120 0.176028923178562 41
1741092515832 0.1492971877257029 42
1741092532560 0.1482312579573405 43
1741092549270 0.15533841805852422 44
1741092566037 0.1363678239662238 45
