1743321704998 9.901e-05 0
1743321720483 9.802e-05 1
1743321735944 9.703e-05 2
1743321751224 9.604e-05 3
1743321766676 9.504999999999999e-05 4
1743321782120 9.405999999999999e-05 5
1743321797269 9.306999999999999e-05 6
1743321812550 9.207999999999999e-05 7
1743321828056 9.108999999999998e-05 8
1743321843710 9.009999999999998e-05 9
1743321858944 8.910999999999998e-05 10
1743321874336 8.811999999999998e-05 11
1743321889791 8.712999999999997e-05 12
1743321905229 8.613999999999997e-05 13
1743321920676 8.514999999999998e-05 14
1743321936135 8.415999999999998e-05 15
1743321951703 8.316999999999998e-05 16
1743321967103 8.217999999999998e-05 17
1743321982446 8.118999999999997e-05 18
1743321997768 8.019999999999997e-05 19
1743322013187 7.920999999999997e-05 20
1743322028553 7.821999999999997e-05 21
1743322043987 7.722999999999996e-05 22
1743322059266 7.623999999999996e-05 23
1743322074419 7.524999999999996e-05 24
1743322089910 7.425999999999996e-05 25
1743322105200 7.326999999999995e-05 26
1743322120175 7.227999999999995e-05 27
1743322135644 7.128999999999995e-05 28
1743322151046 7.029999999999995e-05 29
1743322166614 6.930999999999994e-05 30
1743322181814 6.831999999999994e-05 31
1743322197340 6.732999999999995e-05 32
1743322212858 6.633999999999995e-05 33
1743322228262 6.534999999999995e-05 34
1743322243173 6.435999999999995e-05 35
1743322258510 6.336999999999994e-05 36
1743322273822 6.237999999999994e-05 37
1743322289022 6.138999999999994e-05 38
1743322304529 6.039999999999994e-05 39
1743322319754 5.9409999999999934e-05 40
1743322334807 5.841999999999994e-05 41
1743322349996 5.742999999999994e-05 42
1743322365256 5.643999999999994e-05 43
1743322380314 5.5449999999999945e-05 44
1743322395475 5.445999999999995e-05 45
1743322410819 5.3469999999999954e-05 46
1743322425956 5.247999999999996e-05 47
1743322441105 5.1489999999999956e-05 48
1743322456258 5.049999999999996e-05 49
1743322471433 4.950999999999996e-05 50
1743322486615 4.8519999999999956e-05 51
1743322501746 4.752999999999995e-05 52
1743322517160 4.653999999999995e-05 53
1743322532570 4.5549999999999955e-05 54
1743322547650 4.455999999999996e-05 55
1743322562715 4.3569999999999964e-05 56
1743322577928 4.257999999999997e-05 57
1743322592889 4.1589999999999966e-05 58
1743322608209 4.059999999999997e-05 59
1743322623376 3.960999999999997e-05 60
1743322638569 3.8619999999999966e-05 61
1743322653663 3.762999999999997e-05 62
1743322668637 3.6639999999999974e-05 63
1743322684077 3.564999999999997e-05 64
1743322699096 3.465999999999997e-05 65
1743322714203 3.366999999999997e-05 66
1743322729411 3.2679999999999965e-05 67
1743322744475 3.168999999999997e-05 68
1743322759673 3.0699999999999974e-05 69
1743322774832 2.9709999999999975e-05 70
1743322789991 2.8719999999999976e-05 71
1743322805078 2.7729999999999977e-05 72
1743322820079 2.6739999999999978e-05 73
