1743321704998 0.5309555854643337 0
1743321720483 0.579672131147541 1
1743321735944 0.6576923076923077 2
1743321751224 0.6079066753078418 3
1743321766676 0.7102803738317757 4
1743321782120 0.7088495575221239 5
1743321797269 0.6716981132075471 6
1743321812550 0.6763803680981595 7
1743321828056 0.7220367278797997 8
1743321843710 0.7609457092819615 9
1743321858944 0.737331081081081 10
1743321874336 0.7897240723120837 11
1743321889791 0.781195079086116 12
1743321905229 0.7936507936507936 13
1743321920676 0.8307086614173228 14
1743321936135 0.7916303400174368 15
1743321951703 0.8200514138817481 16
1743321967103 0.8127734033245845 17
1743321982446 0.8349673202614379 18
1743321997768 0.8265746333045729 19
1743322013187 0.8399653979238755 20
1743322028553 0.8499142367066895 21
1743322043987 0.8501683501683501 22
1743322059266 0.8412570507655117 23
1743322074419 0.8461538461538461 24
1743322089910 0.8453781512605042 25
1743322105200 0.8496677740863787 26
1743322120175 0.8636734693877551 27
1743322135644 0.8634868421052632 28
1743322151046 0.8679245283018868 29
1743322166614 0.8589846897663175 30
1743322181814 0.8788368336025848 31
1743322197340 0.86 32
1743322212858 0.8881578947368421 33
1743322228262 0.8853288364249579 34
1743322243173 0.8897370653095844 35
1743322258510 0.8998272884283247 36
1743322273822 0.8942881500426257 37
1743322289022 0.9012345679012346 38
1743322304529 0.8841309823677582 39
1743322319754 0.912828947368421 40
1743322334807 0.9 41
1743322349996 0.9066022544283414 42
1743322365256 0.9128664495114006 43
1743322380314 0.905448717948718 44
1743322395475 0.9073614557485525 45
1743322410819 0.9090157154673284 46
1743322425956 0.9017857142857143 47
1743322441105 0.9253112033195021 48
1743322456258 0.9205955334987593 49
1743322471433 0.9228915662650602 50
1743322486615 0.90625 51
1743322501746 0.9264328485885372 52
1743322517160 0.9190992493744787 53
1743322532570 0.926829268292683 54
1743322547650 0.9161966156325544 55
1743322562715 0.918785890073831 56
1743322577928 0.9317073170731708 57
1743322592889 0.9154811715481171 58
1743322608209 0.9366883116883117 59
1743322623376 0.928280358598207 60
1743322638569 0.9266347687400319 61
1743322653663 0.9206094627105053 62
1743322668637 0.9188963210702341 63
1743322684077 0.9269076305220884 64
1743322699096 0.9175777964676198 65
1743322714203 0.9385382059800664 66
1743322729411 0.939799331103679 67
1743322744475 0.9239222316145393 68
1743322759673 0.9324546952224053 69
1743322774832 0.9225122349102773 70
1743322789991 0.9522633744855967 71
1743322805078 0.9420289855072463 72
1743322820079 0.938449240607514 73
