1743321704998 0.5374829530208769 0
1743321720483 0.5902557855430255 1
1743321735944 0.6427059555924466 2
1743321751224 0.6397959889349931 3
1743321766676 0.632924720771811 4
1743321782120 0.6867624044732067 5
1743321797269 0.6807560401310402 6
1743321812550 0.6987454123649303 7
1743321828056 0.7205847978290517 8
1743321843710 0.7523812586712258 9
1743321858944 0.7367595698329817 10
1743321874336 0.757425266655324 11
1743321889791 0.7706622430446913 12
1743321905229 0.7751624151271174 13
1743321920676 0.7973116387587318 14
1743321936135 0.7867892641109506 15
1743321951703 0.8040019810006543 16
1743321967103 0.8034737294970279 17
1743321982446 0.8307243777872793 18
1743321997768 0.8206185381616771 19
1743322013187 0.8318515060345125 20
1743322028553 0.8455998411914515 21
1743322043987 0.8416587361746627 22
1743322059266 0.844746489589818 23
1743322074419 0.8505069916283085 24
1743322089910 0.8545661266258662 25
1743322105200 0.8532400843735951 26
1743322120175 0.8610740228294709 27
1743322135644 0.8660990294565537 28
1743322151046 0.8778548476561582 29
1743322166614 0.8601143900052994 30
1743322181814 0.8864014540082743 31
1743322197340 0.8751765194517513 32
1743322212858 0.8906289549138097 33
1743322228262 0.8975340030077187 34
1743322243173 0.8982242593407933 35
1743322258510 0.8983355825461088 36
1743322273822 0.9006416646590849 37
1743322289022 0.9107013175640626 38
1743322304529 0.9015230444818212 39
1743322319754 0.9168335633926324 40
1743322334807 0.9144092681395256 41
1743322349996 0.9176051331419056 42
1743322365256 0.9252521207745307 43
1743322380314 0.9154407441989141 44
1743322395475 0.9234592892487629 45
1743322410819 0.9135345261608767 46
1743322425956 0.9101548830769699 47
1743322441105 0.93018059140365 48
1743322456258 0.9111856262896193 49
1743322471433 0.9320805990217342 50
1743322486615 0.9225947067981317 51
1743322501746 0.9297028256893943 52
1743322517160 0.9248001361246259 53
1743322532570 0.9346826317820504 54
1743322547650 0.9229408493490647 55
1743322562715 0.9311371964757782 56
1743322577928 0.9305184238056492 57
1743322592889 0.9214830525475484 58
1743322608209 0.9363241228143007 59
1743322623376 0.9376433260212281 60
1743322638569 0.9361442349330998 61
1743322653663 0.9333845794224476 62
1743322668637 0.9325609165166828 63
1743322684077 0.9303822868015914 64
1743322699096 0.9304645069806216 65
1743322714203 0.9468929156429157 66
1743322729411 0.9456034963399939 67
1743322744475 0.9380384273280704 68
1743322759673 0.935961449622546 69
1743322774832 0.9356842297461605 70
1743322789991 0.9468571460198726 71
1743322805078 0.9425054191201508 72
1743322820079 0.9415728369564013 73
