1743321704998 0.5376299376299376 0
1743321720483 0.5925155925155925 1
1743321735944 0.6436590436590437 2
1743321751224 0.6395010395010395 3
1743321766676 0.6340956340956341 4
1743321782120 0.6860706860706861 5
1743321797269 0.6814968814968815 6
1743321812550 0.6981288981288981 7
1743321828056 0.7205821205821206 8
1743321843710 0.7525987525987526 9
1743321858944 0.7367983367983368 10
1743321874336 0.758004158004158 11
1743321889791 0.7708939708939709 12
1743321905229 0.7750519750519751 13
1743321920676 0.8 14
1743321936135 0.7871101871101871 15
1743321951703 0.8037422037422037 16
1743321967103 0.8037422037422037 17
1743321982446 0.8307692307692308 18
1743321997768 0.8207900207900208 19
1743322013187 0.832016632016632 20
1743322028553 0.8457380457380458 21
1743322043987 0.8415800415800416 22
1743322059266 0.844906444906445 23
1743322074419 0.8507276507276508 24
1743322089910 0.8544698544698545 25
1743322105200 0.8532224532224533 26
1743322120175 0.8611226611226611 27
1743322135644 0.8661122661122661 28
1743322151046 0.8777546777546777 29
1743322166614 0.8602910602910603 30
1743322181814 0.8864864864864865 31
1743322197340 0.8748440748440749 32
1743322212858 0.8906444906444907 33
1743322228262 0.8972972972972973 34
1743322243173 0.8981288981288982 35
1743322258510 0.8985446985446985 36
1743322273822 0.9006237006237007 37
1743322289022 0.9106029106029107 38
1743322304529 0.901039501039501 39
1743322319754 0.9168399168399168 40
1743322334807 0.9143451143451143 41
1743322349996 0.9176715176715177 42
1743322365256 0.9251559251559252 43
1743322380314 0.9155925155925156 44
1743322395475 0.9230769230769231 45
1743322410819 0.9135135135135135 46
1743322425956 0.9101871101871102 47
1743322441105 0.9301455301455301 48
1743322456258 0.911018711018711 49
1743322471433 0.9322245322245323 50
1743322486615 0.9222453222453223 51
1743322501746 0.9297297297297298 52
1743322517160 0.9247401247401248 53
1743322532570 0.9347193347193348 54
1743322547650 0.9230769230769231 55
1743322562715 0.930977130977131 56
1743322577928 0.9305613305613306 57
1743322592889 0.9214137214137215 58
1743322608209 0.9363825363825364 59
1743322623376 0.9376299376299376 60
1743322638569 0.9363825363825364 61
1743322653663 0.9334719334719335 62
1743322668637 0.9322245322245323 63
1743322684077 0.9305613305613306 64
1743322699096 0.9301455301455301 65
1743322714203 0.9467775467775468 66
1743322729411 0.9455301455301456 67
1743322744475 0.9376299376299376 68
1743322759673 0.935966735966736 69
1743322774832 0.9355509355509356 70
1743322789991 0.9467775467775468 71
1743322805078 0.9426195426195426 72
1743322820079 0.9417879417879418 73
