1743321704998 0.690393876088293 0
1743321720483 0.6853012505330538 1
1743321735944 0.6807125006851397 2
1743321751224 0.6776186572877985 3
1743321766676 0.6741088181734085 4
1743321782120 0.6668475387912047 5
1743321797269 0.6646240463382319 6
1743321812550 0.6556032049028497 7
1743321828056 0.6482107968706834 8
1743321843710 0.6353405031718706 9
1743321858944 0.6279477296691192 10
1743321874336 0.6148498026948226 11
1743321889791 0.5963912018035588 12
1743321905229 0.5756804707803225 13
1743321920676 0.5456548846865955 14
1743321936135 0.5325529775337169 15
1743321951703 0.5076431796738976 16
1743321967103 0.4800213426351547 17
1743321982446 0.4396878876968434 18
1743321997768 0.42766012212163523 19
1743322013187 0.39932537706274734 20
1743322028553 0.3889763237614381 21
1743322043987 0.3775285733373542 22
1743322059266 0.35968921078663124 23
1743322074419 0.34719040617346764 24
1743322089910 0.3403263646913202 25
1743322105200 0.33203856980330065 26
1743322120175 0.33193845341080114 27
1743322135644 0.3158397876510495 28
1743322151046 0.2913907819280499 29
1743322166614 0.3083397431397124 30
1743322181814 0.2902150348221001 31
1743322197340 0.3038587430982213 32
1743322212858 0.2720038608500832 33
1743322228262 0.2588448100968411 34
1743322243173 0.25534413960811336 35
1743322258510 0.24272852391004562 36
1743322273822 0.2425324423728805 37
1743322289022 0.24051421125860592 38
1743322304529 0.2432582588670285 39
1743322319754 0.2067881743178556 40
1743322334807 0.2127193195843383 41
1743322349996 0.21054158928362945 42
1743322365256 0.20395077745381154 43
1743322380314 0.21954702085962421 44
1743322395475 0.21624556634771197 45
1743322410819 0.213485145255139 46
1743322425956 0.2193301501438806 47
1743322441105 0.18534045088055887 48
1743322456258 0.20838765074547969 49
1743322471433 0.1799210961908102 50
1743322486615 0.19959921551574217 51
1743322501746 0.19212871446813407 52
1743322517160 0.20402464378429086 53
1743322532570 0.17708695640689448 54
1743322547650 0.19371955483955772 55
1743322562715 0.17836992079882244 56
1743322577928 0.17741365671942108 57
1743322592889 0.19596138998473944 58
1743322608209 0.16371684315565385 59
1743322623376 0.15901206776891885 60
1743322638569 0.17806752398610115 61
1743322653663 0.17030713447418652 62
1743322668637 0.16885502004113637 63
1743322684077 0.17099082955208264 64
1743322699096 0.1752658037860927 65
1743322714203 0.1411468803294395 66
1743322729411 0.15772261171552696 67
1743322744475 0.156607029788 68
1743322759673 0.1709665922251971 69
1743322774832 0.15668887434233175 70
1743322789991 0.15042881099017044 71
1743322805078 0.15561777113103553 72
1743322820079 0.1463062923989798 73
