1743321704998 0.5866171003717472 0
1743321720483 0.6433770014556041 1
1743321735944 0.6148314606741573 2
1743321751224 0.6839227123587314 3
1743321766676 0.5473251028806584 4
1743321782120 0.6796775562155282 5
1743321797269 0.6991358994501178 6
1743321812550 0.708433734939759 7
1743321828056 0.720233139050791 8
1743321843710 0.7449635662237463 9
1743321858944 0.733921815889029 10
1743321874336 0.7404103479036575 11
1743321889791 0.7634177758694719 12
1743321905229 0.7689021785561726 13
1743321920676 0.7782388197325957 14
1743321936135 0.7800687285223368 15
1743321951703 0.8021793797150042 16
1743321967103 0.7974248927038626 17
1743321982446 0.8339453284373725 18
1743321997768 0.8163613123135918 19
1743322013187 0.8277919863597613 20
1743322028553 0.8423289417764556 21
1743322043987 0.8413161182840483 22
1743322059266 0.848435595286469 23
1743322074419 0.8547146904087414 24
1743322089910 0.8518204911092294 25
1743322105200 0.8528553563984994 26
1743322120175 0.8636734693877551 27
1743322135644 0.8670520231213873 28
1743322151046 0.8780082987551867 29
1743322166614 0.8638573743922204 30
1743322181814 0.8885259289505921 31
1743322197340 0.8727272727272727 32
1743322212858 0.8914568716467189 33
1743322228262 0.8947592671495527 34
1743322243173 0.8954332052923603 35
1743322258510 0.8951890034364262 36
1743322273822 0.897732135216089 37
1743322289022 0.9106029106029107 38
1743322304529 0.8984641638225256 39
1743322319754 0.9173553719008265 40
1743322334807 0.9155045118949959 41
1743322349996 0.9191836734693878 42
1743322365256 0.925681255161024 43
1743322380314 0.9175801867641088 44
1743322395475 0.9222362337116435 45
1743322410819 0.913549459684123 46
1743322425956 0.911402789171452 47
1743322441105 0.9299416180150125 48
1743322456258 0.9122950819672131 49
1743322471433 0.9337667614790736 50
1743322486615 0.9217900460058553 51
1743322501746 0.9276231263383298 52
1743322517160 0.9241090146750525 53
1743322532570 0.9355765285186705 54
1743322547650 0.9247661651077674 55
1743322562715 0.9310058187863675 56
1743322577928 0.9320862139080928 57
1743322592889 0.9204880100967606 58
1743322608209 0.9378301503453881 59
1743322623376 0.9382207578253706 60
1743322638569 0.9382317319337908 61
1743322653663 0.9348534201954397 62
1743322668637 0.9309614570097416 63
1743322684077 0.9325252525252525 64
1743322699096 0.9285106382978724 65
1743322714203 0.9463986599664992 66
1743322729411 0.9449348465741908 67
1743322744475 0.9357876712328768 68
1743322759673 0.9363110008271298 69
1743322774832 0.9358709143566405 70
1743322789991 0.9475839475839476 71
1743322805078 0.9443099273607748 72
1743322820079 0.9437299035369775 73
