1743321704998 0.6553156146179402 0
1743321720483 0.7228127555192151 1
1743321735944 0.5772151898734177 2
1743321751224 0.7816666666666666 3
1743321766676 0.44518828451882847 4
1743321782120 0.6528117359413202 5
1743321797269 0.7289107289107289 6
1743321812550 0.7436762225969646 7
1743321828056 0.71843853820598 8
1743321843710 0.7296389588581025 9
1743321858944 0.7305439330543934 10
1743321874336 0.6968933669185559 11
1743321889791 0.746431570109152 12
1743321905229 0.7456503728251864 13
1743321920676 0.7320034692107545 14
1743321936135 0.768839966130398 15
1743321951703 0.7850697292863003 16
1743321967103 0.7826453243470936 17
1743321982446 0.8329258353708231 18
1743321997768 0.8063973063973064 19
1743322013187 0.8159663865546218 20
1743322028553 0.8348778433024431 21
1743322043987 0.832646331409728 22
1743322059266 0.8557377049180328 23
1743322074419 0.8634505314799673 24
1743322089910 0.8583617747440273 25
1743322105200 0.8560669456066946 26
1743322120175 0.8636734693877551 27
1743322135644 0.8706467661691543 28
1743322151046 0.8883291351805206 29
1743322166614 0.8687856560717196 30
1743322181814 0.8984310487200661 31
1743322197340 0.8858369098712446 32
1743322212858 0.8947804473902237 33
1743322228262 0.9043927648578811 34
1743322243173 0.9012027491408935 35
1743322258510 0.8905982905982905 36
1743322273822 0.9012027491408935 37
1743322289022 0.9201680672268907 38
1743322304529 0.9132697311361665 39
1743322319754 0.9219269102990033 40
1743322334807 0.9315525876460768 41
1743322349996 0.9321192052980133 42
1743322365256 0.9388609715242882 43
1743322380314 0.9300411522633745 44
1743322395475 0.9376068376068376 45
1743322410819 0.9181286549707602 46
1743322425956 0.9212271973466003 47
1743322441105 0.9346186085498742 48
1743322456258 0.9041429731925265 49
1743322471433 0.9449013157894737 50
1743322486615 0.9378723404255319 51
1743322501746 0.9288164665523156 52
1743322517160 0.9291736930860034 53
1743322532570 0.9444904722452361 54
1743322547650 0.9334975369458128 55
1743322562715 0.9435551811288964 56
1743322577928 0.9324654190398698 57
1743322592889 0.9255499153976311 58
1743322608209 0.9389747762408462 59
1743322623376 0.948376353039134 60
1743322638569 0.9501226492232215 61
1743322653663 0.9495450785773366 62
1743322668637 0.9433476394849786 63
1743322684077 0.9382113821138212 64
1743322699096 0.9397071490094746 65
1743322714203 0.9543918918918919 66
1743322729411 0.9501267962806424 67
1743322744475 0.9479618386816999 68
1743322759673 0.9401993355481728 69
1743322774832 0.9496221662468514 70
1743322789991 0.9429502852485737 71
1743322805078 0.9466019417475728 72
1743322820079 0.9490703314470493 73
