1741238559132 3.9200800000000006e-05 0
1741238657589 3.840160000000001e-05 1
1741238756026 3.760240000000001e-05 2
1741238854339 3.680320000000001e-05 3
1741238952879 3.600400000000001e-05 4
1741239051654 3.5204800000000006e-05 5
1741239150144 3.44056e-05 6
1741239248627 3.36064e-05 7
1741239347078 3.28072e-05 8
1741239445767 3.2008e-05 9
1741239544223 3.12088e-05 10
1741239642508 3.0409599999999998e-05 11
1741239740818 2.96104e-05 12
1741239838983 2.88112e-05 13
1741239937322 2.8012000000000002e-05 14
1741240035829 2.72128e-05 15
1741240134005 2.64136e-05 16
1741240232527 2.56144e-05 17
1741240330672 2.48152e-05 18
1741240428876 2.4016e-05 19
1741240527429 2.3216799999999998e-05 20
1741240626058 2.2417599999999997e-05 21
1741240724573 2.1618399999999996e-05 22
1741240822823 2.0819199999999995e-05 23
1741240921016 2.0019999999999995e-05 24
1741241019625 1.9220799999999994e-05 25
1741241117742 1.8421599999999993e-05 26
1741241215927 1.7622399999999992e-05 27
1741241314117 1.682319999999999e-05 28
1741241412551 1.602399999999999e-05 29
1741241510786 1.522479999999999e-05 30
1741241609055 1.4425599999999991e-05 31
1741241707302 1.362639999999999e-05 32
1741241805540 1.2827199999999991e-05 33
1741241903920 1.2027999999999992e-05 34
1741242002373 1.1228799999999993e-05 35
1741242100730 1.0429599999999994e-05 36
1741242198977 9.630399999999993e-06 37
1741242297412 8.831199999999993e-06 38
1741242395673 8.031999999999994e-06 39
1741242494034 7.2327999999999945e-06 40
1741242592361 6.4335999999999955e-06 41
1741242690686 5.634399999999996e-06 42
1741242788870 4.835199999999997e-06 43
1741242887043 4.0359999999999974e-06 44
