1741238559132 0.6117916428162564 0
1741238657589 0.6971879286694102 1
1741238756026 0.7045324153757889 2
1741238854339 0.7712269519690417 3
1741238952879 0.8292209275759653 4
1741239051654 0.870036513007759 5
1741239150144 0.8994062571363325 6
1741239248627 0.9149959903769046 7
1741239347078 0.9233517750115261 8
1741239445767 0.9314252336448599 9
1741239544223 0.9392832686601232 10
1741239642508 0.9412166003411029 11
1741239740818 0.9488713318284424 12
1741239838983 0.952309120445579 13
1741239937322 0.9557672677781558 14
1741240035829 0.9544978470848365 15
1741240134005 0.9582198001816531 16
1741240232527 0.9594053744997141 17
1741240330672 0.9622106218792555 18
1741240428876 0.9632352941176471 19
1741240527429 0.9669033440219881 20
1741240626058 0.9625943719972546 21
1741240724573 0.9657182036338704 22
1741240822823 0.9676375404530745 23
1741240921016 0.9638734995383195 24
1741241019625 0.9680647700438547 25
1741241117742 0.9708504801097394 26
1741241215927 0.9703325993742032 27
1741241314117 0.9686603145448284 28
1741241412551 0.9727922527092461 29
1741241510786 0.9675725051381594 30
1741241609055 0.9716279069767442 31
1741241707302 0.9730782449306908 32
1741241805540 0.9752690634302725 33
1741241903920 0.9694577899794098 34
1741242002373 0.9744822062020826 35
1741242100730 0.9724622652379307 36
1741242198977 0.9739708748996675 37
1741242297412 0.9734280151185432 38
1741242395673 0.9739190116678106 39
1741242494034 0.9749485243651338 40
1741242592361 0.9759972568293519 41
1741242690686 0.9745753049823281 42
1741242788870 0.9734288354898336 43
1741242887043 0.9741379310344828 44
