1741238559132 0.5742722812203562 0
1741238657589 0.7061791036535906 1
1741238756026 0.7579093422549494 2
1741238854339 0.8072995291919378 3
1741238952879 0.8501813186359459 4
1741239051654 0.8841279635687846 5
1741239150144 0.9027509990767186 6
1741239248627 0.917166187408132 7
1741239347078 0.9260793902920703 8
1741239445767 0.9326561570626364 9
1741239544223 0.937483600564126 10
1741239642508 0.9386161396909573 11
1741239740818 0.947196729917009 12
1741239838983 0.9486435445183492 13
1741239937322 0.9518202959325361 14
1741240035829 0.9522376572062309 15
1741240134005 0.9567683690897874 16
1741240232527 0.9558030999046025 17
1741240330672 0.9595042944212033 18
1741240428876 0.9606418677101157 19
1741240527429 0.9629068625798392 20
1741240626058 0.9610153021897582 21
1741240724573 0.9636459795411839 22
1741240822823 0.964311001144083 23
1741240921016 0.9620616787867634 24
1741241019625 0.9659003887532707 25
1741241117742 0.9674227174083843 26
1741241215927 0.9692160734427576 27
1741241314117 0.9678880472016217 28
1741241412551 0.9704779910504729 29
1741241510786 0.966681442558748 30
1741241609055 0.9695776247027141 31
1741241707302 0.9726375206346818 32
1741241805540 0.9707484412743808 33
1741241903920 0.9688013139194631 34
1741242002373 0.9725790183358637 35
1741242100730 0.9709296536656092 36
1741242198977 0.9718962742125222 37
1741242297412 0.9718936825421051 38
1741242395673 0.9706308705640532 39
1741242494034 0.9732654848249411 40
1741242592361 0.974466518322933 41
1741242690686 0.9721692344640314 42
1741242788870 0.971963481627817 43
1741242887043 0.9723580520721506 44
