1741238559132 0.5691160809371671 0
1741238657589 0.7105907025515554 1
1741238756026 0.7879876796714579 2
1741238854339 0.8328416912487709 3
1741238952879 0.866022429014555 4
1741239051654 0.8958994242744683 5
1741239150144 0.9059229442208165 6
1741239248627 0.9188909341923608 7
1741239347078 0.9275211300219984 8
1741239445767 0.9312076617612707 9
1741239544223 0.9362912400455062 10
1741239642508 0.9371674402807653 11
1741239740818 0.9471608832807571 12
1741239838983 0.9439843570278353 13
1741239937322 0.9492002703311556 14
1741240035829 0.9486467730742539 15
1741240134005 0.9561572448170387 16
1741240232527 0.9526513001021915 17
1741240330672 0.9577544335253586 18
1741240428876 0.9592204573617213 19
1741240527429 0.959213815042036 20
1741240626058 0.959630516592542 21
1741240724573 0.961871158661507 22
1741240822823 0.9605323542909592 23
1741240921016 0.9597747385358005 24
1741241019625 0.965134529147982 25
1741241117742 0.9643465425229931 26
1741241215927 0.9674176776429809 27
1741241314117 0.9669951867980747 28
1741241412551 0.9678825418674007 29
1741241510786 0.9660282717738258 30
1741241609055 0.966682091624248 31
1741241707302 0.9721872496280187 32
1741241805540 0.9665267218881198 33
1741241903920 0.9682394607563122 34
1741242002373 0.9708162334701322 35
1741242100730 0.9691124124468941 36
1741242198977 0.9698561315368806 37
1741242297412 0.9704270381365608 38
1741242395673 0.9676099556767814 39
1741242494034 0.9717250028503022 40
1741242592361 0.9731054131054131 41
1741242690686 0.9701509476790375 42
1741242788870 0.9700667741192724 43
1741242887043 0.9704568876674682 44
