1741238559132 0.6861609497786442 0
1741238657589 0.6643831299774813 1
1741238756026 0.6306001582206824 2
1741238854339 0.5644652274174567 3
1741238952879 0.4543498011626603 4
1741239051654 0.34335175945317786 5
1741239150144 0.2738851163358915 6
1741239248627 0.2293180627646027 7
1741239347078 0.2017454887593622 8
1741239445767 0.1875042966584037 9
1741239544223 0.16879022004075975 10
1741239642508 0.1621381810528564 11
1741239740818 0.1460101218559803 12
1741239838983 0.14141886790825442 13
1741239937322 0.1309759985560026 14
1741240035829 0.12750397981298003 15
1741240134005 0.11758702736852807 16
1741240232527 0.11731221172753926 17
1741240330672 0.11197672013684616 18
1741240428876 0.10814983517293146 19
1741240527429 0.102590514894493 20
1741240626058 0.10258314052542106 21
1741240724573 0.10175658733798908 22
1741240822823 0.09846259885204908 23
1741240921016 0.10105341798949972 24
1741241019625 0.09496399754787976 25
1741241117742 0.08824909252929927 26
1741241215927 0.0850575987655574 27
1741241314117 0.08838509011590656 28
1741241412551 0.08364823425099963 29
1741241510786 0.08965655718333064 30
1741241609055 0.08295034066494213 31
1741241707302 0.0826038029078981 32
1741241805540 0.081321278390826 33
1741241903920 0.08447737328114581 34
1741242002373 0.07471845127239606 35
1741242100730 0.07966339650253455 36
1741242198977 0.07613522911294203 37
1741242297412 0.07780745873336882 38
1741242395673 0.08010502293750289 39
1741242494034 0.07550854651571248 40
1741242592361 0.06930862900872643 41
1741242690686 0.07517821631554664 42
1741242788870 0.0757204558531457 43
1741242887043 0.07485739514999255 44
