1741238559132 0.5896827586206896 0
1741238657589 0.7038255149731695 1
1741238756026 0.7439268189253044 2
1741238854339 0.8008509632431154 3
1741238952879 0.8472222222222222 4
1741239051654 0.8827785817655571 5
1741239150144 0.9026528390534578 6
1741239248627 0.9169393261006831 7
1741239347078 0.9254317564835672 8
1741239445767 0.9313164349959117 9
1741239544223 0.9377848678213309 10
1741239642508 0.9391876560018153 11
1741239740818 0.9480153360396932 12
1741239838983 0.9481284658040665 13
1741239937322 0.9524724498445889 14
1741240035829 0.9515633157375718 15
1741240134005 0.9571874113977885 16
1741240232527 0.9560164083865087 17
1741240330672 0.9599773563543731 18
1741240428876 0.9612236834678557 19
1741240527429 0.963043230295426 20
1741240626058 0.9611101593284221 21
1741240724573 0.9637908422193078 22
1741240822823 0.9640718562874252 23
1741240921016 0.9618197523754679 24
1741241019625 0.9665974288441026 25
1741241117742 0.9675875818855028 26
1741241215927 0.9688729460772969 27
1741241314117 0.9678270344669381 28
1741241412551 0.9703311867525299 29
1741241510786 0.9667997718197376 30
1741241609055 0.9691486893992113 31
1741241707302 0.9726325432268407 32
1741241805540 0.9708782127999088 33
1741241903920 0.9688482423549586 34
1741242002373 0.9726457655188168 35
1741242100730 0.9707844490453186 36
1741242198977 0.9719091481206019 37
1741242297412 0.971925210132083 38
1741242395673 0.9707542329399692 39
1741242494034 0.973334094672529 40
1741242592361 0.9745491896827209 41
1741242690686 0.9723580935047207 42
1741242788870 0.9717448967823781 43
1741242887043 0.9722939253140596 44
