1741238559132 0.5742744289884939 0
1741238657589 0.7061652069380044 1
1741238756026 0.7580285076421088 2
1741238854339 0.8070868395443357 3
1741238952879 0.8501345240139676 4
1741239051654 0.884080370942813 5
1741239150144 0.9027420001144886 6
1741239248627 0.9171675539527162 7
1741239347078 0.9260976587097144 8
1741239445767 0.9326807487549373 9
1741239544223 0.9374892667010132 10
1741239642508 0.9386341519262694 11
1741239740818 0.9472207911156907 12
1741239838983 0.948594653385998 13
1741239937322 0.9518575762779782 14
1741240035829 0.952201041845555 15
1741240134005 0.9567805827465796 16
1741240232527 0.955807430305112 17
1741240330672 0.9595283072871944 18
1741240428876 0.9606731925124506 19
1741240527429 0.9629057187017002 20
1741240626058 0.9610166580800275 21
1741240724573 0.9636498940981166 22
1741240822823 0.9642795809720076 23
1741240921016 0.962047054782758 24
1741241019625 0.965939664548629 25
1741241117742 0.967428015341462 26
1741241215927 0.969202587440609 27
1741241314117 0.9678859694315645 28
1741241412551 0.9704619611883909 29
1741241510786 0.9666838399450455 30
1741241609055 0.969546053008186 31
1741241707302 0.9726372431163776 32
1741241805540 0.970748182494705 33
1741241903920 0.9688018776117694 34
1741242002373 0.9725799988551148 35
1741242100730 0.9709199152784933 36
1741242198977 0.9718930677199611 37
1741242297412 0.9718930677199611 38
1741242395673 0.9706336939721792 39
1741242494034 0.9732669299902684 40
1741242592361 0.9744690594767874 41
1741242690686 0.9721792890262752 42
1741242788870 0.9719503119812238 43
1741242887043 0.9723510218100635 44
