1743324407749 9.901e-05 0
1743324423976 9.802e-05 1
1743324439983 9.703e-05 2
1743324456201 9.604e-05 3
1743324472556 9.504999999999999e-05 4
1743324488616 9.405999999999999e-05 5
1743324504617 9.306999999999999e-05 6
1743324520909 9.207999999999999e-05 7
1743324537369 9.108999999999998e-05 8
1743324553657 9.009999999999998e-05 9
1743324569951 8.910999999999998e-05 10
1743324586277 8.811999999999998e-05 11
1743324602573 8.712999999999997e-05 12
1743324618876 8.613999999999997e-05 13
1743324635227 8.514999999999998e-05 14
1743324651412 8.415999999999998e-05 15
1743324667715 8.316999999999998e-05 16
1743324684211 8.217999999999998e-05 17
1743324700375 8.118999999999997e-05 18
1743324716440 8.019999999999997e-05 19
1743324732700 7.920999999999997e-05 20
1743324748751 7.821999999999997e-05 21
1743324764861 7.722999999999996e-05 22
1743324781049 7.623999999999996e-05 23
1743324797143 7.524999999999996e-05 24
1743324813057 7.425999999999996e-05 25
1743324828992 7.326999999999995e-05 26
1743324845323 7.227999999999995e-05 27
1743324861423 7.128999999999995e-05 28
1743324877332 7.029999999999995e-05 29
1743324893536 6.930999999999994e-05 30
1743324909464 6.831999999999994e-05 31
1743324925564 6.732999999999995e-05 32
1743324941694 6.633999999999995e-05 33
1743324957648 6.534999999999995e-05 34
1743324973440 6.435999999999995e-05 35
1743324989478 6.336999999999994e-05 36
1743325005593 6.237999999999994e-05 37
1743325021537 6.138999999999994e-05 38
1743325037621 6.039999999999994e-05 39
