1743324407749 0.5636110516170486 0
1743324423976 0.6239158981420844 1
1743324439983 0.6433603962194954 2
1743324456201 0.6643747364738178 3
1743324472556 0.6994219361494556 4
1743324488616 0.6978901327913551 5
1743324504617 0.7183457359959808 6
1743324520909 0.7239024636397277 7
1743324537369 0.7359001530672319 8
1743324553657 0.7482411029075349 9
1743324569951 0.7683981882997537 10
1743324586277 0.7824528994125329 11
1743324602573 0.8006409069745264 12
1743324618876 0.8081498351294882 13
1743324635227 0.8281487586624503 14
1743324651412 0.8435403747603082 15
1743324667715 0.85094663049561 16
1743324684211 0.8555553000973483 17
1743324700375 0.8558561033619316 18
1743324716440 0.8586786736239691 19
1743324732700 0.8557730048827972 20
1743324748751 0.8661338916263893 21
1743324764861 0.8488470941838817 22
1743324781049 0.8742103993988267 23
1743324797143 0.8742271023824421 24
1743324813057 0.8820296841930437 25
1743324828992 0.8803106513023243 26
1743324845323 0.8911178802171658 27
1743324861423 0.8954960836973666 28
1743324877332 0.8891735806084269 29
1743324893536 0.8996809179873444 30
1743324909464 0.913144494666831 31
1743324925564 0.9045335186381666 32
1743324941694 0.9033791449496765 33
1743324957648 0.9067945227912318 34
1743324973440 0.9090638189831339 35
1743324989478 0.9220030617051342 36
1743325005593 0.9138610558187781 37
1743325021537 0.9181721146608424 38
1743325037621 0.9165335006459253 39
