1743324407749 0.6892955643790108 0
1743324423976 0.6818406581878662 1
1743324439983 0.6760197132825851 2
1743324456201 0.6675751748539153 3
1743324472556 0.66022656361262 4
1743324488616 0.6503673188743138 5
1743324504617 0.6366652207715171 6
1743324520909 0.6223957148336229 7
1743324537369 0.603352475024405 8
1743324553657 0.5841365357240041 9
1743324569951 0.5523567550948688 10
1743324586277 0.5240683459809848 11
1743324602573 0.49031460888329004 12
1743324618876 0.460689406309809 13
1743324635227 0.4294786900281906 14
1743324651412 0.39363711930456613 15
1743324667715 0.3721302951730433 16
1743324684211 0.35469961840481984 17
1743324700375 0.3361175166709082 18
1743324716440 0.3253472355150041 19
1743324732700 0.32644064795403255 20
1743324748751 0.31091074361687615 21
1743324764861 0.32814126018257367 22
1743324781049 0.29824341124012355 23
1743324797143 0.2930823021701404 24
1743324813057 0.27182395703026224 25
1743324828992 0.28106798355778057 26
1743324845323 0.26055566540786196 27
1743324861423 0.2511484169711669 28
1743324877332 0.2543164551080692 29
1743324893536 0.23658368009186925 30
1743324909464 0.22128377331509477 31
1743324925564 0.2270160617218131 32
1743324941694 0.2234719197842337 33
1743324957648 0.22306022252000512 34
1743324973440 0.2222079857296887 35
1743324989478 0.20036154692726477 36
1743325005593 0.20035952604597523 37
1743325021537 0.195653380914813 38
1743325037621 0.19252962911767618 39
