1743324407749 0.6986506746626686 0
1743324423976 0.5919583023082651 1
1743324439983 0.4552352048558422 2
1743324456201 0.6340361445783133 3
1743324472556 0.682089552238806 4
1743324488616 0.6963890935887989 5
1743324504617 0.6770833333333334 6
1743324520909 0.6731780616078137 7
1743324537369 0.6823266219239373 8
1743324553657 0.7183734939759037 9
1743324569951 0.7215951843491347 10
1743324586277 0.7359180687637161 11
1743324602573 0.7762452107279694 12
1743324618876 0.7820015515903801 13
1743324635227 0.8134831460674158 14
1743324651412 0.8328358208955224 15
1743324667715 0.8554484803558191 16
1743324684211 0.8612585291887794 17
1743324700375 0.8530734632683659 18
1743324716440 0.8661538461538462 19
1743324732700 0.8649851632047477 20
1743324748751 0.8784977908689249 21
1743324764861 0.8575757575757575 22
1743324781049 0.8746200607902735 23
1743324797143 0.8828828828828829 24
1743324813057 0.8833819241982507 25
1743324828992 0.8909916729750189 26
1743324845323 0.8977110157367668 27
1743324861423 0.9113149847094801 28
1743324877332 0.8888888888888888 29
1743324893536 0.9092273068267067 30
1743324909464 0.9133738601823708 31
1743324925564 0.9047256097560976 32
1743324941694 0.91171875 33
1743324957648 0.9056742815033162 34
1743324973440 0.9100156494522692 35
1743324989478 0.9326424870466321 36
1743325005593 0.9175334323922734 37
1743325021537 0.9287812041116006 38
1743325037621 0.920120572720422 39
