1743324407749 0.5634593785099213 0
1743324423976 0.623736428304006 1
1743324439983 0.6458255335080494 2
1743324456201 0.6645451141894422 3
1743324472556 0.6993635342568326 4
1743324488616 0.6978659678023212 5
1743324504617 0.7180831149382254 6
1743324520909 0.724073380756271 7
1743324537369 0.7356795207787346 8
1743324553657 0.7484088356420816 9
1743324569951 0.7686259827779858 10
1743324586277 0.7813552976413328 11
1743324602573 0.8011980531636091 12
1743324618876 0.8090602770497941 13
1743324635227 0.8281542493448146 14
1743324651412 0.8435043055035567 15
1743324667715 0.8509921377761138 16
1743324684211 0.8554848371396481 17
1743324700375 0.8558592287532759 18
1743324716440 0.8584799700486709 19
1743324732700 0.8558592287532759 20
1743324748751 0.8663421939348559 21
1743324764861 0.8487457880943466 22
1743324781049 0.8742044178210409 23
1743324797143 0.8742044178210409 24
1743324813057 0.8820666417072257 25
1743324828992 0.8801946836390865 26
1743324845323 0.8914264320479222 27
1743324861423 0.8951703481842007 28
1743324877332 0.889180082366155 29
1743324893536 0.899663047547735 30
1743324909464 0.9131411456383377 31
1743324925564 0.904530138524897 32
1743324941694 0.9030325720703857 33
1743324957648 0.9067764882066641 34
1743324973440 0.9090228378884313 35
1743324989478 0.9221265443654062 36
1743325005593 0.9138899288655934 37
1743325021537 0.9183826282291276 38
1743325037621 0.9165106701609884 39
