1743324407749 0.6151815181518152 0
1743324423976 0.6127167630057804 1
1743324439983 0.5591798695246971 2
1743324456201 0.6527131782945736 3
1743324472556 0.6947928544279741 4
1743324488616 0.7007786429365962 5
1743324504617 0.7073455110765643 6
1743324520909 0.708580466587584 7
1743324537369 0.7216088328075709 8
1743324553657 0.7395348837209302 9
1743324569951 0.7563091482649842 10
1743324586277 0.7750385208012327 11
1743324602573 0.7923347673054361 12
1743324618876 0.7980997624703088 13
1743324635227 0.8255416191562144 14
1743324651412 0.8422641509433962 15
1743324667715 0.8529194382852919 16
1743324684211 0.8547780285929271 17
1743324700375 0.8553175497933108 18
1743324716440 0.8562737642585552 19
1743324732700 0.8582995951417004 20
1743324748751 0.8698505286183011 21
1743324764861 0.848575712143928 22
1743324781049 0.8726307808946171 23
1743324797143 0.875 24
1743324813057 0.8849945235487404 25
1743324828992 0.8803290949887809 26
1743324845323 0.8964285714285715 27
1743324861423 0.8948948948948949 28
1743324877332 0.8868501529051988 29
1743324893536 0.9004457652303121 30
1743324909464 0.9119878603945372 31
1743324925564 0.9030049448459491 32
1743324941694 0.9001156961048978 33
1743324957648 0.9080162541558922 34
1743324973440 0.9054106656286492 35
1743324989478 0.9237536656891495 36
1743325005593 0.9148148148148149 37
1743325021537 0.9206695778748181 38
1743325037621 0.9163227016885553 39
