1743324407749 0.5495283018867925 0
1743324423976 0.6349840255591054 1
1743324439983 0.7246376811594203 2
1743324456201 0.6725239616613419 3
1743324472556 0.7079783113865221 4
1743324488616 0.7052238805970149 5
1743324504617 0.7404393816110659 6
1743324520909 0.7479131886477463 7
1743324537369 0.7656903765690377 8
1743324553657 0.7619808306709265 9
1743324569951 0.7945318972659486 10
1743324586277 0.8185516680227828 11
1743324602573 0.8091054313099042 12
1743324618876 0.814874696847211 13
1743324635227 0.8379629629629629 14
1743324651412 0.8519083969465648 15
1743324667715 0.8504053058216654 16
1743324684211 0.8483943241224795 17
1743324700375 0.8575734740015072 18
1743324716440 0.8466165413533835 19
1743324732700 0.8517165814463111 20
1743324748751 0.8613718411552347 21
1743324764861 0.8397626112759644 22
1743324781049 0.8706505295007564 23
1743324797143 0.8672566371681416 24
1743324813057 0.8866130212143379 25
1743324828992 0.8699186991869918 26
1743324845323 0.8951497860199714 27
1743324861423 0.8790560471976401 28
1743324877332 0.8848207475209764 29
1743324893536 0.891832229580574 30
1743324909464 0.9106060606060606 31
1743324925564 0.9012908124525436 32
1743324941694 0.8888042650418888 33
1743324957648 0.9103703703703704 34
1743324973440 0.900852052672347 35
1743324989478 0.9150326797385621 36
1743325005593 0.9121122599704579 37
1743325021537 0.9126984126984127 38
1743325037621 0.9125560538116592 39
