1741243087958 3.9200800000000006e-05 0
1741243188295 3.840160000000001e-05 1
1741243288373 3.760240000000001e-05 2
1741243388432 3.680320000000001e-05 3
1741243488454 3.600400000000001e-05 4
1741243588275 3.5204800000000006e-05 5
1741243688313 3.44056e-05 6
1741243788322 3.36064e-05 7
1741243888338 3.28072e-05 8
1741243988357 3.2008e-05 9
1741244088229 3.12088e-05 10
1741244188285 3.0409599999999998e-05 11
1741244288019 2.96104e-05 12
1741244387813 2.88112e-05 13
1741244487701 2.8012000000000002e-05 14
1741244587536 2.72128e-05 15
1741244687489 2.64136e-05 16
1741244787212 2.56144e-05 17
1741244886774 2.48152e-05 18
1741244986678 2.4016e-05 19
1741245086377 2.3216799999999998e-05 20
1741245186187 2.2417599999999997e-05 21
1741245285977 2.1618399999999996e-05 22
1741245385830 2.0819199999999995e-05 23
1741245485646 2.0019999999999995e-05 24
1741245585718 1.9220799999999994e-05 25
1741245685812 1.8421599999999993e-05 26
1741245785564 1.7622399999999992e-05 27
1741245885485 1.682319999999999e-05 28
1741245985106 1.602399999999999e-05 29
1741246084882 1.522479999999999e-05 30
1741246184772 1.4425599999999991e-05 31
1741246284466 1.362639999999999e-05 32
1741246384381 1.2827199999999991e-05 33
1741246484262 1.2027999999999992e-05 34
1741246583876 1.1228799999999993e-05 35
