1741243087958 0.6324595649749024 0
1741243188295 0.6831605928897805 1
1741243288373 0.750392464678179 2
1741243388432 0.8179407865665046 3
1741243488454 0.8340680456651972 4
1741243588275 0.8577797592510031 5
1741243688313 0.8773878276321635 6
1741243788322 0.891154151092989 7
1741243888338 0.9043712776716485 8
1741243988357 0.919560634638855 9
1741244088229 0.925158703641831 10
1741244188285 0.9305386572281827 11
1741244288019 0.9379517402424108 12
1741244387813 0.9390805889625716 13
1741244487701 0.9419412687738176 14
1741244587536 0.947664603263928 15
1741244687489 0.9503091872791519 16
1741244787212 0.9464445438282647 17
1741244886774 0.95499720826354 18
1741244986678 0.9542498318008522 19
1741245086377 0.9560764679107875 20
1741245186187 0.9549428379287155 21
1741245285977 0.957352439440464 22
1741245385830 0.9569532731125237 23
1741245485646 0.9622286220646876 24
1741245585718 0.9609488642721271 25
1741245685812 0.9616883840071278 26
1741245785564 0.9603354487760652 27
1741245885485 0.9627336061041689 28
1741245985106 0.9678705960558387 29
1741246084882 0.9673268434597739 30
1741246184772 0.9629178658401594 31
1741246284466 0.9684151785714286 32
1741246384381 0.9669900747184119 33
1741246484262 0.9681301537775797 34
1741246583876 0.9686513306269734 35
