1741243087958 0.5618738456372082 0
1741243188295 0.6897072815805675 1
1741243288373 0.7650416969832652 2
1741243388432 0.8198914199361952 3
1741243488454 0.8533609447584933 4
1741243588275 0.8671853137068338 5
1741243688313 0.8841999216432529 6
1741243788322 0.8976325068562153 7
1741243888338 0.9072032238204512 8
1741243988357 0.9168858789947949 9
1741244088229 0.9219230984496558 10
1741244188285 0.9275759780601108 11
1741244288019 0.9351318072424022 12
1741244387813 0.9361952202384284 13
1741244487701 0.9391056137012369 14
1741244587536 0.9433592656853417 15
1741244687489 0.9485643924553646 16
1741244787212 0.9429674819499636 17
1741244886774 0.9511949403929031 18
1741244986678 0.9529299826495774 19
1741245086377 0.9555045614820619 20
1741245186187 0.9533777354900095 21
1741245285977 0.955952314322494 22
1741245385830 0.9567918508983041 23
1741245485646 0.9590306151004645 24
1741245585718 0.9599261207813287 25
1741245685812 0.9600940280964907 26
1741245785564 0.9583589858398164 27
1741245885485 0.9600940280964907 28
1741245985106 0.9650752784462976 29
1741246084882 0.9642917109755414 30
1741246184772 0.961493255722841 31
1741246284466 0.9629484524542452 32
1741246384381 0.9662506296524318 33
1741246484262 0.966978228018134 34
1741246583876 0.9655790003917837 35
