1741243087958 0.5557189062040576 0
1741243188295 0.6941456233722115 1
1741243288373 0.7723915050784856 2
1741243388432 0.8250501448629374 3
1741243488454 0.8649630758410503 4
1741243588275 0.8752416695098374 5
1741243688313 0.8911449520586576 6
1741243788322 0.9006410256410257 7
1741243888338 0.9088650479954827 8
1741243988357 0.9160035366931919 9
1741244088229 0.9199335548172758 10
1741244188285 0.9266439035136028 11
1741244288019 0.9334882691456396 12
1741244387813 0.9332067463420083 13
1741244487701 0.9364831736126588 14
1741244587536 0.9389985502397681 15
1741244687489 0.9483195592286502 16
1741244787212 0.9400333148250972 17
1741244886774 0.9480101984258952 18
1741244986678 0.9515822430951583 19
1741245086377 0.9535807513335604 20
1741245186187 0.951848955423975 21
1741245285977 0.9533408833522083 22
1741245385830 0.9569532731125237 23
1741245485646 0.9569288389513109 24
1741245585718 0.9590173087660525 25
1741245685812 0.9590182141270547 26
1741245785564 0.9555705908885882 27
1741245885485 0.9585994274388902 28
1741245985106 0.9631753031973539 29
1741246084882 0.9615170726281838 30
1741246184772 0.9610030932390632 31
1741246284466 0.9581492932862191 32
1741246384381 0.9658053018489642 33
1741246484262 0.9661921708185054 34
1741246583876 0.9622493558866361 35
