1741243087958 0.5916110183639399 0
1741243188295 0.6886093012806112 1
1741243288373 0.761233079285633 2
1741243388432 0.8214800843226451 3
1741243488454 0.8492346645183565 4
1741243588275 0.8664227413453419 5
1741243688313 0.8842128826459231 6
1741243788322 0.8958724736692286 7
1741243888338 0.9066125943449364 8
1741243988357 0.9177786390565307 9
1741244088229 0.9225387306346826 10
1741244188285 0.9285871964679911 11
1741244288019 0.9357146819013811 12
1741244387813 0.9361344537815126 13
1741244487701 0.9392042914617792 14
1741244587536 0.9433116737620435 15
1741244687489 0.9493133307594728 16
1741244787212 0.9432280349880217 17
1741244886774 0.9514908767245216 18
1741244986678 0.9529141705391635 19
1741245086377 0.954826978805614 20
1741245186187 0.9533933866726347 21
1741245285977 0.9553424502071157 22
1741245385830 0.9569532731125237 23
1741245485646 0.9595714127913398 24
1741245585718 0.9599821149116924 25
1741245685812 0.9603514430295279 26
1741245785564 0.9579470947320823 27
1741245885485 0.9606620689655172 28
1741245985106 0.9655172413793104 29
1741246084882 0.964413208389112 30
1741246184772 0.9619595267057393 31
1741246284466 0.9632548845470693 32
1741246384381 0.9663973251602117 33
1741246484262 0.9671601914727819 34
1741246583876 0.9654397302613094 35
