1741243087958 0.5616240759046608 0
1741243188295 0.6897363567102376 1
1741243288373 0.7650163239694392 2
1741243388432 0.819917642290626 3
1741243488454 0.8531759297062128 4
1741243588275 0.8672260235265696 5
1741243688313 0.8842541078812967 6
1741243788322 0.8975576022116859 7
1741243888338 0.9071923292907753 8
1741243988357 0.9168618623838052 9
1741244088229 0.9219065345391874 10
1741244188285 0.9275398928561037 11
1741244288019 0.9351128996456588 12
1741244387813 0.9362069611479525 13
1741244487701 0.9391092593170374 14
1741244587536 0.9433825131661435 15
1741244687489 0.9485401344408472 16
1741244787212 0.9429633903720501 17
1741244886774 0.9511857675069944 18
1741244986678 0.9529322686772727 19
1741245086377 0.955513726851087 20
1741245186187 0.9533797476395953 21
1741245285977 0.9559739935796104 22
1741245385830 0.9567912432978348 23
1741245485646 0.9589964243935838 24
1741245585718 0.9599257199300165 25
1741245685812 0.9600858661709807 26
1741245785564 0.9583829184607962 27
1741245885485 0.9600612726803709 28
1741245985106 0.9650460321077745 29
1741246084882 0.9642905213939408 30
1741246184772 0.9614770468111699 31
1741246284466 0.962932187916005 32
1741246384381 0.96624784634797 33
1741246484262 0.9669729819826839 34
1741246583876 0.9656013626131866 35
