1741243087958 0.6874657958905898 0
1741243188295 0.6684686494641312 1
1741243288373 0.6401399425189269 2
1741243388432 0.5790466805370208 3
1741243488454 0.4716775499964016 4
1741243588275 0.3730083092487349 5
1741243688313 0.30509138424515936 6
1741243788322 0.26756628493450196 7
1741243888338 0.23752259729640002 8
1741243988357 0.2162005193198303 9
1741244088229 0.20183199461489543 10
1741244188285 0.18796067364007393 11
1741244288019 0.1709105715435498 12
1741244387813 0.1689437369287867 13
1741244487701 0.15597479916735818 14
1741244587536 0.15016720378654802 15
1741244687489 0.1406135274020685 16
1741244787212 0.14287399350663843 17
1741244886774 0.1287921008142461 18
1741244986678 0.12392910947766628 19
1741245086377 0.1173653571778152 20
1741245186187 0.1211449634317102 21
1741245285977 0.11644248097421925 22
1741245385830 0.11608187673190253 23
1741245485646 0.1067277535809494 24
1741245585718 0.10667845556322546 25
1741245685812 0.10603697754589304 26
1741245785564 0.10995971234698575 27
1741245885485 0.10484619393664844 28
1741245985106 0.0958859401368511 29
1741246084882 0.09297906334990093 30
1741246184772 0.09903125551717493 31
1741246284466 0.09619286639552584 32
1741246384381 0.09245661921026135 33
1741246484262 0.09003772837324785 34
1741246583876 0.08938460140480711 35
