1741090826625 9.9001e-05 0
1741090842448 9.800199999999999e-05 1
1741090858433 9.700299999999998e-05 2
1741090874485 9.600399999999998e-05 3
1741090890146 9.500499999999998e-05 4
1741090906120 9.400599999999998e-05 5
1741090922024 9.300699999999999e-05 6
1741090937811 9.200799999999999e-05 7
1741090953698 9.1009e-05 8
1741090969596 9.000999999999999e-05 9
1741090985552 8.901099999999999e-05 10
1741091001562 8.801199999999998e-05 11
1741091017240 8.701299999999999e-05 12
1741091032828 8.6014e-05 13
1741091048533 8.5015e-05 14
1741091064203 8.401599999999999e-05 15
1741091079834 8.3017e-05 16
1741091095500 8.201799999999999e-05 17
1741091111152 8.101899999999999e-05 18
1741091126820 8.001999999999998e-05 19
1741091142459 7.902099999999999e-05 20
