1741090826625 0.5581854043392505 0
1741090842448 0.6493932436864546 1
1741090858433 0.5488180883864338 2
1741090874485 0.671118530884808 3
1741090890146 0.7343144848954299 4
1741090906120 0.7212585720048407 5
1741090922024 0.7551416375630579 6
1741090937811 0.7697341513292434 7
1741090953698 0.7716346153846154 8
1741090969596 0.8083175803402647 9
1741090985552 0.8305882352941176 10
1741091001562 0.8536964980544747 11
1741091017240 0.8701996927803379 12
1741091032828 0.876945885841364 13
1741091048533 0.8808172531214529 14
1741091064203 0.8865979381443299 15
1741091079834 0.9014302280633939 16
1741091095500 0.8952819332566168 17
1741091111152 0.8974751338944147 18
1741091126820 0.9035608308605341 19
1741091142459 0.9080459770114943 20
