1741090826625 0.4865356241302873 0
1741090842448 0.59030225467159 1
1741090858433 0.6579768769945691 2
1741090874485 0.6994361021647453 3
1741090890146 0.7381128481663004 4
1741090906120 0.7357397829095942 5
1741090922024 0.7591871317222346 6
1741090937811 0.7844157161140523 7
1741090953698 0.7819602508667913 8
1741090969596 0.8064850295038973 9
1741090985552 0.8349185103397457 10
1741091001562 0.8564110274111901 11
1741091017240 0.8709882122185258 12
1741091032828 0.8731700318270549 13
1741091048533 0.8797492032579451 14
1741091064203 0.8866899766899767 15
1741091079834 0.9027148266278701 16
1741091095500 0.8959346039517398 17
1741091111152 0.8977233194118357 18
1741091126820 0.9005713619402985 19
1741091142459 0.9083929698366809 20
