1741090826625 0.6961439433621197 0
1741090842448 0.6848157011881107 1
1741090858433 0.6723252956460162 2
1741090874485 0.6661888986099057 3
1741090890146 0.6522703912199997 4
1741090906120 0.6423022172799925 5
1741090922024 0.6213782807675804 6
1741090937811 0.5956475720172976 7
1741090953698 0.5719190650596851 8
1741090969596 0.5323273761243354 9
1741090985552 0.4881381381575654 10
1741091001562 0.44137711713953715 11
1741091017240 0.38512434428784903 12
1741091032828 0.35951184862997476 13
1741091048533 0.32959110834976524 14
1741091064203 0.30332116182984376 15
1741091079834 0.2721269585010482 16
1741091095500 0.28148890077704336 17
1741091111152 0.2660000565938833 18
1741091126820 0.2649312659916354 19
1741091142459 0.2446856704063532 20
