1741090826625 0.6461187214611872 0
1741090842448 0.7477341389728097 1
1741090858433 0.419811320754717 2
1741090874485 0.6123381568926123 3
1741090890146 0.7343144848954299 4
1741090906120 0.6903474903474903 5
1741090922024 0.7416158536585366 6
1741090937811 0.7272024729520865 7
1741090953698 0.7447795823665894 8
1741090969596 0.8067924528301886 9
1741090985552 0.8254091971940763 10
1741091001562 0.841903300076746 11
1741091017240 0.865546218487395 12
1741091032828 0.876945885841364 13
1741091048533 0.8838268792710706 14
1741091064203 0.8930769230769231 15
1741091079834 0.90527950310559 16
1741091095500 0.9046511627906977 17
1741091111152 0.9002302379125096 18
1741091126820 0.908955223880597 19
1741091142459 0.9066564651874521 20
