1741090826625 0.4870229007633588 0
1741090842448 0.5919847328244274 1
1741090858433 0.6648854961832061 2
1741090874485 0.6992366412213741 3
1741090890146 0.7381679389312977 4
1741090906120 0.7362595419847329 5
1741090922024 0.7591603053435114 6
1741090937811 0.7851145038167939 7
1741090953698 0.7824427480916031 8
1741090969596 0.8064885496183206 9
1741090985552 0.8351145038167939 10
1741091001562 0.8564885496183207 11
1741091017240 0.8709923664122138 12
1741091032828 0.8732824427480916 13
1741091048533 0.8797709923664122 14
1741091064203 0.8866412213740458 15
1741091079834 0.9026717557251909 16
1741091095500 0.8958015267175573 17
1741091111152 0.8977099236641222 18
1741091126820 0.9007633587786259 19
1741091142459 0.9083969465648855 20
