1741090826625 0.4913194444444444 0
1741090842448 0.5739130434782609 1
1741090858433 0.7922848664688428 2
1741090874485 0.7423822714681441 3
1741090890146 0.7343144848954299 4
1741090906120 0.7550675675675675 5
1741090922024 0.7691699604743083 6
1741090937811 0.8175499565595135 7
1741090953698 0.800498753117207 8
1741090969596 0.8098484848484848 9
1741090985552 0.8358326756116812 10
1741091001562 0.8658247829518547 11
1741091017240 0.8749034749034749 12
1741091032828 0.876945885841364 13
1741091048533 0.8778280542986425 14
1741091064203 0.8802122820318423 15
1741091079834 0.8976135488837568 16
1741091095500 0.8861047835990888 17
1741091111152 0.8947368421052632 18
1741091126820 0.8982300884955752 19
1741091142459 0.9094397544128934 20
