1741088512365 9.9001e-05 0
1741088527405 9.800199999999999e-05 1
1741088542697 9.700299999999998e-05 2
1741088557897 9.600399999999998e-05 3
1741088573238 9.500499999999998e-05 4
1741088588579 9.400599999999998e-05 5
1741088603587 9.300699999999999e-05 6
1741088618816 9.200799999999999e-05 7
1741088634006 9.1009e-05 8
1741088649056 9.000999999999999e-05 9
1741088664302 8.901099999999999e-05 10
1741088679471 8.801199999999998e-05 11
1741088694606 8.701299999999999e-05 12
1741088710002 8.6014e-05 13
1741088725367 8.5015e-05 14
1741088740659 8.401599999999999e-05 15
1741088755932 8.3017e-05 16
1741088771154 8.201799999999999e-05 17
1741088786458 8.101899999999999e-05 18
1741088801632 8.001999999999998e-05 19
1741088816774 7.902099999999999e-05 20
1741088831877 7.802199999999999e-05 21
1741088847133 7.7023e-05 22
1741088862313 7.602399999999999e-05 23
1741088877585 7.5025e-05 24
1741088892726 7.4026e-05 25
1741088907977 7.302699999999999e-05 26
1741088923275 7.2028e-05 27
1741088938302 7.102899999999999e-05 28
1741088953178 7.002999999999998e-05 29
1741088968044 6.903099999999998e-05 30
1741088983415 6.803199999999997e-05 31
1741088998407 6.703299999999997e-05 32
1741089013320 6.603399999999997e-05 33
1741089028309 6.503499999999998e-05 34
1741089043336 6.403599999999998e-05 35
1741089058325 6.303699999999997e-05 36
1741089073272 6.203799999999998e-05 37
1741089088565 6.103899999999998e-05 38
1741089103581 6.003999999999999e-05 39
1741089118714 5.904099999999999e-05 40
1741089134067 5.804199999999999e-05 41
1741089149201 5.704299999999999e-05 42
1741089164395 5.604399999999999e-05 43
1741089179376 5.5044999999999985e-05 44
1741089194360 5.4045999999999984e-05 45
1741089209384 5.304699999999999e-05 46
1741089224257 5.204799999999999e-05 47
1741089239556 5.104899999999999e-05 48
1741089254471 5.004999999999999e-05 49
1741089269561 4.9050999999999995e-05 50
1741089284477 4.8052e-05 51
1741089299706 4.7053e-05 52
1741089314531 4.6053999999999996e-05 53
1741089329733 4.5054999999999995e-05 54
1741089344560 4.405599999999999e-05 55
1741089359554 4.305699999999999e-05 56
1741089374609 4.205799999999999e-05 57
1741089389579 4.1058999999999994e-05 58
1741089404601 4.005999999999999e-05 59
1741089419807 3.9061e-05 60
1741089434838 3.8061999999999996e-05 61
1741089449697 3.7062999999999994e-05 62
1741089464757 3.606399999999999e-05 63
1741089479696 3.506499999999999e-05 64
1741089494669 3.406599999999999e-05 65
1741089509686 3.306699999999999e-05 66
1741089524769 3.2067999999999985e-05 67
1741089539822 3.106899999999998e-05 68
1741089554900 3.0069999999999985e-05 69
