1741088512365 0.5018711018711018 0
1741088527405 0.5459459459459459 1
1741088542697 0.5871101871101871 2
1741088557897 0.6424116424116424 3
1741088573238 0.6436590436590437 4
1741088588579 0.6873180873180873 5
1741088603587 0.7027027027027027 6
1741088618816 0.7218295218295219 7
1741088634006 0.7376299376299377 8
1741088649056 0.728066528066528 9
1741088664302 0.7546777546777547 10
1741088679471 0.7742203742203743 11
1741088694606 0.7817047817047817 12
1741088710002 0.7979209979209979 13
1741088725367 0.8174636174636175 14
1741088740659 0.8103950103950104 15
1741088755932 0.8216216216216217 16
1741088771154 0.8237006237006237 17
1741088786458 0.8390852390852391 18
1741088801632 0.8411642411642412 19
1741088816774 0.8241164241164242 20
1741088831877 0.8453222453222453 21
1741088847133 0.8386694386694387 22
1741088862313 0.8632016632016632 23
1741088877585 0.8590436590436591 24
1741088892726 0.8627858627858628 25
1741088907977 0.8598752598752599 26
1741088923275 0.861954261954262 27
1741088938302 0.8598752598752599 28
1741088953178 0.8748440748440749 29
1741088968044 0.8727650727650728 30
1741088983415 0.8906444906444907 31
1741088998407 0.8902286902286902 32
1741089013320 0.8827442827442827 33
1741089028309 0.8985446985446985 34
1741089043336 0.8923076923076924 35
1741089058325 0.903950103950104 36
1741089073272 0.8972972972972973 37
1741089088565 0.8956340956340957 38
1741089103581 0.9027027027027027 39
1741089118714 0.9135135135135135 40
1741089134067 0.9106029106029107 41
1741089149201 0.9068607068607069 42
1741089164395 0.9085239085239085 43
1741089179376 0.9031185031185032 44
1741089194360 0.9143451143451143 45
1741089209384 0.9106029106029107 46
1741089224257 0.9226611226611227 47
1741089239556 0.9151767151767152 48
1741089254471 0.9085239085239085 49
1741089269561 0.9151767151767152 50
1741089284477 0.920997920997921 51
1741089299706 0.9230769230769231 52
1741089314531 0.9255717255717256 53
1741089329733 0.9272349272349273 54
1741089344560 0.9272349272349273 55
1741089359554 0.935966735966736 56
1741089374609 0.9268191268191268 57
1741089389579 0.9347193347193348 58
1741089404601 0.9367983367983368 59
1741089419807 0.9297297297297298 60
1741089434838 0.9222453222453223 61
1741089449697 0.9222453222453223 62
1741089464757 0.9305613305613306 63
1741089479696 0.9343035343035343 64
1741089494669 0.9201663201663202 65
1741089509686 0.9513513513513514 66
1741089524769 0.925987525987526 67
1741089539822 0.9405405405405406 68
1741089554900 0.940956340956341 69
