1741088512365 0.5215654952076677 0
1741088527405 0.56214915797915 1
1741088542697 0.453494771601541 2
1741088557897 0.6191319751992914 3
1741088573238 0.6944741532976827 4
1741088588579 0.6651825467497774 5
1741088603587 0.7269950362733868 6
1741088618816 0.6971480307831598 7
1741088634006 0.7400082406262876 8
1741088649056 0.7381905524419535 9
1741088664302 0.7495755517826825 10
1741088679471 0.7611086669599648 11
1741088694606 0.7785744411640658 12
1741088710002 0.7985074626865671 13
1741088725367 0.8198604842018876 14
1741088740659 0.8141809290953546 15
1741088755932 0.818297331639136 16
1741088771154 0.8161318300086731 17
1741088786458 0.8342612419700214 18
1741088801632 0.8331877729257642 19
1741088816774 0.8235294117647058 20
1741088831877 0.852498017446471 21
1741088847133 0.8377926421404682 22
1741088862313 0.8658785161027314 23
1741088877585 0.8619144602851324 24
1741088892726 0.8611111111111112 25
1741088907977 0.8610309278350515 26
1741088923275 0.8593220338983051 27
1741088938302 0.863948324586193 28
1741088953178 0.8803180914512923 29
1741088968044 0.8732394366197183 30
1741088983415 0.8886065226598899 31
1741088998407 0.8868894601542416 32
1741089013320 0.8808114961961115 33
1741089028309 0.8988391376451078 34
1741089043336 0.896358543417367 35
1741089058325 0.9069673781715667 36
1741089073272 0.8967822816548265 37
1741089088565 0.8985038414880712 38
1741089103581 0.9043336058871627 39
1741089118714 0.9156528791565288 40
1741089134067 0.9118491184911849 41
1741089149201 0.9078189300411522 42
1741089164395 0.9090157154673284 43
1741089179376 0.9056298096395302 44
1741089194360 0.9153656532456861 45
1741089209384 0.9093973872734935 46
1741089224257 0.9207836456558773 47
1741089239556 0.9147157190635451 48
1741089254471 0.9070945945945946 49
1741089269561 0.9168704156479217 50
1741089284477 0.9206349206349206 51
1741089299706 0.9235221165770979 52
1741089314531 0.9264887063655031 53
1741089329733 0.9254367277375373 54
1741089344560 0.9266862170087976 55
1741089359554 0.9357798165137615 56
1741089374609 0.9247863247863248 57
1741089389579 0.9341719077568135 58
1741089404601 0.9364548494983278 59
1741089419807 0.9294952023362536 60
1741089434838 0.923329233292333 61
1741089449697 0.9254088552054248 62
1741089464757 0.929979035639413 63
1741089479696 0.9352459016393443 64
1741089494669 0.920265780730897 65
1741089509686 0.9494163424124513 66
1741089524769 0.9253355704697986 67
1741089539822 0.9406392694063926 68
1741089554900 0.9417077175697866 69
