1741088512365 0.5019215987701768 0
1741088527405 0.5451010886469674 1
1741088542697 0.6290076335877862 2
1741088557897 0.6606805293005671 3
1741088573238 0.6133501259445844 4
1741088588579 0.7224371373307543 5
1741088603587 0.672316384180791 6
1741088618816 0.7608695652173914 7
1741088634006 0.7360655737704918 8
1741088649056 0.719188767550702 9
1741088664302 0.7631806395851339 10
1741088679471 0.7820976491862568 11
1741088694606 0.7950043066322137 12
1741088710002 0.8031693077564637 13
1741088725367 0.8195242001640689 14
1741088740659 0.8102189781021898 15
1741088755932 0.8334771354616048 16
1741088771154 0.83942908117752 17
1741088786458 0.849912739965096 18
1741088801632 0.8412698412698413 19
1741088816774 0.8378607809847198 20
1741088831877 0.8352758352758353 21
1741088847133 0.8513169073916738 22
1741088862313 0.8557614826752619 23
1741088877585 0.8573743922204214 24
1741088892726 0.8468543046357616 25
1741088907977 0.855036855036855 26
1741088923275 0.8622448979591837 27
1741088938302 0.8553157474020784 28
1741088953178 0.8744075829383886 29
1741088968044 0.8689200329760923 30
1741088983415 0.870539419087137 31
1741088998407 0.8930112165660051 32
1741089013320 0.877104377104377 33
1741089028309 0.8877968877968878 34
1741089043336 0.8867775138558986 35
1741089058325 0.8950715421303657 36
1741089073272 0.8795081967213115 37
1741089088565 0.8995951417004049 38
1741089103581 0.9095394736842105 39
1741089118714 0.9039231385108086 40
1741089134067 0.8982229402261712 41
1741089149201 0.8974776240846216 42
1741089164395 0.9022988505747126 43
1741089179376 0.8958333333333334 44
1741089194360 0.9005658852061439 45
1741089209384 0.9036850921273032 46
1741089224257 0.9099326599326599 47
1741089239556 0.9063794531897266 48
1741089254471 0.9040404040404041 49
1741089269561 0.907258064516129 50
1741089284477 0.9198664440734557 51
1741089299706 0.9193415637860082 52
1741089314531 0.912621359223301 53
1741089329733 0.9126050420168067 54
1741089344560 0.9232053422370617 55
1741089359554 0.919672131147541 56
1741089374609 0.9100084104289319 57
1741089389579 0.9275603663613655 58
1741089404601 0.93255620316403 59
1741089419807 0.9283333333333333 60
1741089434838 0.9147034930950447 61
1741089449697 0.9206349206349206 62
1741089464757 0.9165289256198347 63
1741089479696 0.9337152209492635 64
1741089494669 0.9067103109656302 65
1741089509686 0.9432989690721649 66
1741089524769 0.923785594639866 67
1741089539822 0.939469320066335 68
1741089554900 0.9386252045826514 69
