1741088512365 0.5018540725280531 0
1741088527405 0.5457881043668774 1
1741088542697 0.5795331654165219 2
1741088557897 0.6422873443983402 3
1741088573238 0.6417468301198785 4
1741088588579 0.6878833210227979 5
1741088603587 0.7026658257296304 6
1741088618816 0.7214718639866775 7
1741088634006 0.737606034913201 8
1741088649056 0.7277241213315038 9
1741088664302 0.7546248462995006 10
1741088679471 0.7732739872614286 11
1741088694606 0.781823368719527 12
1741088710002 0.797956422868588 13
1741088725367 0.8174279240208996 14
1741088740659 0.8102733415233416 15
1741088755932 0.8216141565111071 16
1741088771154 0.823275921698831 17
1741088786458 0.8388642047718118 18
1741088801632 0.8405721116685736 19
1741088816774 0.8243172672151309 20
1741088831877 0.8446243814664868 21
1741088847133 0.8388162672476397 22
1741088862313 0.8630978563070053 23
1741088877585 0.8589271089271089 24
1741088892726 0.8631503942370518 25
1741088907977 0.859866224436447 26
1741088923275 0.8618703931203932 27
1741088938302 0.8596185004849688 28
1741088953178 0.8743828973213174 29
1741088968044 0.8727710988351346 30
1741088983415 0.8912697632154166 31
1741088998407 0.890019027849853 32
1741089013320 0.8827803399183344 33
1741089028309 0.8986547237172811 34
1741089043336 0.8919110461462649 35
1741089058325 0.9036596333448633 36
1741089073272 0.8977151631403549 37
1741089088565 0.89557991508542 38
1741089103581 0.9027849852966614 39
1741089118714 0.9133404712698058 40
1741089134067 0.9106219623182232 41
1741089149201 0.9068750847162249 42
1741089164395 0.908539073305671 43
1741089179376 0.9029228091728092 44
1741089194360 0.9144193956192911 45
1741089209384 0.9106906895688136 46
1741089224257 0.9229763883118682 47
1741089239556 0.9152919001175901 48
1741089254471 0.9085541335178139 49
1741089269561 0.9150655589629526 50
1741089284477 0.9210001078865034 51
1741089299706 0.9230710980052614 52
1741089314531 0.9256158739247881 53
1741089329733 0.9276505329876116 54
1741089344560 0.9272677725642955 55
1741089359554 0.9362960995042223 56
1741089374609 0.9273625874179169 57
1741089389579 0.9348126535626536 58
1741089404601 0.9368323242550871 59
1741089419807 0.9297339651557149 60
1741089434838 0.9221999535261995 61
1741089449697 0.9219383861509418 62
1741089464757 0.9308579830479156 63
1741089479696 0.9342711752800937 64
1741089494669 0.9203567184558156 65
1741089509686 0.9515329031614309 66
1741089524769 0.9259968184804787 67
1741089539822 0.9405400115905467 68
1741089554900 0.9409191257329477 69
