1741088512365 0.694471360821473 0
1741088527405 0.6895923426276759 1
1741088542697 0.6841504911058828 2
1741088557897 0.6795173695212916 3
1741088573238 0.67385191901734 4
1741088588579 0.667741522192955 5
1741088603587 0.659539407021121 6
1741088618816 0.6528885646870262 7
1741088634006 0.6439654646735442 8
1741088649056 0.6339335778826162 9
1741088664302 0.6166472003648156 10
1741088679471 0.5952160483912418 11
1741088694606 0.5768262747871248 12
1741088710002 0.5494889511089576 13
1741088725367 0.5171983469473688 14
1741088740659 0.49253198465234355 15
1741088755932 0.46175835242396907 16
1741088771154 0.4397507945173665 17
1741088786458 0.40755969599673625 18
1741088801632 0.39306592862857015 19
1741088816774 0.40565788157676397 20
1741088831877 0.3691828323430137 21
1741088847133 0.37103010831694855 22
1741088862313 0.3351355608748762 23
1741088877585 0.3359535191404192 24
1741088892726 0.3254244302056338 25
1741088907977 0.3192169221216126 26
1741088923275 0.32354269784532097 27
1741088938302 0.32209696306994084 28
1741088953178 0.3108269925180234 29
1741088968044 0.30494184811648567 30
1741088983415 0.28600594568017285 31
1741088998407 0.2672931555854647 32
1741089013320 0.2779669739109905 33
1741089028309 0.24892478612692734 34
1741089043336 0.2563408567128997 35
1741089058325 0.2447387655510714 36
1741089073272 0.24230834724087463 37
1741089088565 0.2612789718336181 38
1741089103581 0.23365736948816399 39
1741089118714 0.2202512277780395 40
1741089134067 0.2267488083361011 41
1741089149201 0.22221756902964493 42
1741089164395 0.22757232591117682 43
1741089179376 0.2318042770616318 44
1741089194360 0.21438144833633774 45
1741089209384 0.21512499402620291 46
1741089224257 0.1990187690642319 47
1741089239556 0.20008991805738524 48
1741089254471 0.22366289255258284 49
1741089269561 0.19936435365755306 50
1741089284477 0.19841842441574523 51
1741089299706 0.1895954988308643 52
1741089314531 0.17950994237081 53
1741089329733 0.1889212076601229 54
1741089344560 0.18119009971422584 55
1741089359554 0.16352372072441013 56
1741089374609 0.18505949870144067 57
1741089389579 0.1714737535405316 58
1741089404601 0.1738166940937701 59
1741089419807 0.17333300205829896 60
1741089434838 0.1870723453497416 61
1741089449697 0.17801233557494064 62
1741089464757 0.1796145457284231 63
1741089479696 0.1698579820559213 64
1741089494669 0.18748493095565782 65
1741089509686 0.14521742210184274 66
1741089524769 0.18365485221147537 67
1741089539822 0.1519157227471863 68
1741089554900 0.15144628859860332 69
