1741088512365 0.542809642560266 0
1741088527405 0.5802980132450332 1
1741088542697 0.35456110154905335 2
1741088557897 0.5825 3
1741088573238 0.8003286770747741 4
1741088588579 0.6163366336633663 5
1741088603587 0.7913549459684123 6
1741088618816 0.6432748538011696 7
1741088634006 0.743993371996686 8
1741088649056 0.7582236842105263 9
1741088664302 0.7364470391993327 10
1741088679471 0.7412167952013711 11
1741088694606 0.7628099173553718 12
1741088710002 0.7938994229183842 13
1741088725367 0.8201970443349754 14
1741088740659 0.8181818181818182 15
1741088755932 0.8036605657237936 16
1741088771154 0.7940928270042195 17
1741088786458 0.8191757779646762 18
1741088801632 0.8252595155709342 19
1741088816774 0.8096800656275636 20
1741088831877 0.8704453441295547 21
1741088847133 0.8246913580246914 22
1741088862313 0.8762376237623762 23
1741088877585 0.8665028665028665 24
1741088892726 0.8758561643835616 25
1741088907977 0.867109634551495 26
1741088923275 0.856418918918919 27
1741088938302 0.8727569331158238 28
1741088953178 0.8863090472377902 29
1741088968044 0.8776019983347211 30
1741088983415 0.907439446366782 31
1741088998407 0.8808510638297873 32
1741089013320 0.8845500848896435 33
1741089028309 0.910159529806885 34
1741089043336 0.9061488673139159 35
1741089058325 0.9191836734693878 36
1741089073272 0.9147485080988917 37
1741089088565 0.8974151857835219 38
1741089103581 0.8991869918699187 39
1741089118714 0.9276910435497124 40
1741089134067 0.925895087427144 41
1741089149201 0.9184013322231473 42
1741089164395 0.9158333333333334 43
1741089179376 0.9156429156429157 44
1741089194360 0.9306599832915622 45
1741089209384 0.9151823579304496 46
1741089224257 0.9318965517241379 47
1741089239556 0.9232067510548523 48
1741089254471 0.9101694915254237 49
1741089269561 0.9266886326194399 50
1741089284477 0.9214046822742475 51
1741089299706 0.9277408637873754 52
1741089314531 0.9407839866555463 53
1741089329733 0.9386343993085566 54
1741089344560 0.9301934398654331 55
1741089359554 0.9524617996604414 56
1741089374609 0.9400521285838401 57
1741089389579 0.9408783783783784 58
1741089404601 0.9403862300587741 59
1741089419807 0.9306599832915622 60
1741089434838 0.9321192052980133 61
1741089449697 0.9302325581395349 62
1741089464757 0.9438297872340425 63
1741089479696 0.9367816091954023 64
1741089494669 0.9342327150084317 65
1741089509686 0.9556135770234987 66
1741089524769 0.926890756302521 67
1741089539822 0.941812136325852 68
1741089554900 0.9448105436573312 69
