1741192035781 0.254088525456194 0
1741192286316 0.08661752877317262 1
1741192536747 0.06627790803958247 2
1741192787348 0.05400317804854672 3
1741193037970 0.04795792221247814 4
1741193288378 0.04343418034905478 5
1741193538960 0.037846880873961763 6
1741193789529 0.03226851393216822 7
1741194039874 0.028733732205721695 8
1741194290418 0.027064474334240616 9
1741194541220 0.021788671204266738 10
1741194791877 0.025247671914913682 11
1741195042567 0.020298913804823734 12
1741195293146 0.01824477784607853 13
1741195543844 0.01781435052720584 14
1741195794513 0.01626152358456571 15
1741196045314 0.014115963321506126 16
1741196296158 0.014372776501417422 17
1741196546829 0.015020197537925002 18
1741196797545 0.014345652383984168 19
1741197048073 0.01138447638036994 20
1741197298568 0.011482886952457258 21
1741197549141 0.011792240785072083 22
1741197799762 0.011549541594920153 23
1741198050376 0.011212730086545959 24
1741198300948 0.010101773145474372 25
1741198551504 0.011008058413892815 26
1741198802015 0.009097911508131768 27
1741199052617 0.007788112331613793 28
1741199303220 0.00792891158138547 29
1741199554046 0.00805960065141139 30
1741199804863 0.008058151768825631 31
1741200055441 0.007452108835675573 32
1741200306045 0.008147091187361885 33
