1741192035781 0.9267625053224924 0
1741192286316 0.9749994930959671 1
1741192536747 0.9793994201017864 2
1741192787348 0.9834952046878485 3
1741193037970 0.9860702771751252 4
1741193288378 0.9874085038220564 5
1741193538960 0.9891522536953304 6
1741193789529 0.9903890995356759 7
1741194039874 0.9917881546665586 8
1741194290418 0.9923356110221213 9
1741194541220 0.9942821225085666 10
1741194791877 0.9931466574748069 11
1741195042567 0.9942821225085666 12
1741195293146 0.9951539974452037 13
1741195543844 0.9948701311867637 14
1741195794513 0.9958839392526206 15
1741196045314 0.9963300148015978 16
1741196296158 0.9959447677365721 17
1741196546829 0.9960055962205235 18
1741196797545 0.9960461485431578 19
1741197048073 0.9969382996411119 20
1741197298568 0.9966949857053062 21
1741197549141 0.9967760903505748 22
1741197799762 0.996796366511892 23
1741198050376 0.9969991281250634 24
1741198300948 0.9972221658995519 25
1741198551504 0.9968166426732091 26
1741198802015 0.9977087937711633 27
1741199052617 0.9979926600296032 28
1741199303220 0.9977493460937975 29
1741199554046 0.9980129361909204 30
1741199804863 0.9978304507390661 31
1741200055441 0.9981345931588231 32
1741200306045 0.9977087937711633 33
