1751987363470 0.25922543053115427 0
1751988317152 0.10185715957301948 1
1751989271633 0.06422699916831202 2
1751990224740 0.051309896705505446 3
1751991178102 0.04227880112279929 4
1751992130143 0.03975207479860895 5
1751993083511 0.03653241569895343 6
1751994037271 0.03259359836296315 7
1751994989892 0.029850988841045468 8
1751995942103 0.026974810387464493 9
1751996895427 0.025832280494541778 10
1751997848917 0.024525423924719198 11
1751998802346 0.02455159153298707 12
1751999757520 0.02278416868539022 13
1752000710380 0.022542353913838156 14
1752001662648 0.021540649768007205 15
1752002614785 0.022566089657464924 16
1752003566952 0.019715064633576515 17
1752004519698 0.018216184564056354 18
1752005473752 0.0181953102042512 19
1752006429190 0.018334238797714016 20
