1751987363470 0.9273490409181232 0
1751988317152 0.9650634656717628 1
1751989271633 0.9792976195303946 2
1751990224740 0.9833123808751368 3
1751991178102 0.9865971856117441 4
1751992130143 0.9882193114075997 5
1751993083511 0.9891520337402165 6
1751994037271 0.9905916703840383 7
1751994989892 0.9912405207023804 8
1751995942103 0.9919704773105155 9
1751996895427 0.9926396042013058 10
1751997848917 0.993085688795166 11
1751998802346 0.9930045825053733 12
1751999757520 0.9935520499614745 13
1752000710380 0.9933695608094407 14
1752001662648 0.9941806237073685 15
1752002614785 0.9939981345553348 16
1752003566952 0.9944036660042986 17
1752004519698 0.9950525163226408 18
1752005473752 0.99517417575733 19
1752006429190 0.9949916866052962 20
