1741091173049 9.9001e-05 0
1741091189152 9.800199999999999e-05 1
1741091205341 9.700299999999998e-05 2
1741091221510 9.600399999999998e-05 3
1741091237431 9.500499999999998e-05 4
1741091253400 9.400599999999998e-05 5
1741091269527 9.300699999999999e-05 6
1741091285775 9.200799999999999e-05 7
1741091301866 9.1009e-05 8
1741091317891 9.000999999999999e-05 9
1741091333985 8.901099999999999e-05 10
1741091350100 8.801199999999998e-05 11
1741091366214 8.701299999999999e-05 12
1741091382362 8.6014e-05 13
1741091398408 8.5015e-05 14
1741091414427 8.401599999999999e-05 15
1741091430594 8.3017e-05 16
1741091446768 8.201799999999999e-05 17
1741091462651 8.101899999999999e-05 18
1741091478517 8.001999999999998e-05 19
1741091494632 7.902099999999999e-05 20
1741091510474 7.802199999999999e-05 21
1741091526586 7.7023e-05 22
1741091542675 7.602399999999999e-05 23
1741091558837 7.5025e-05 24
1741091574687 7.4026e-05 25
1741091590598 7.302699999999999e-05 26
1741091606654 7.2028e-05 27
1741091622514 7.102899999999999e-05 28
1741091638737 7.002999999999998e-05 29
1741091654536 6.903099999999998e-05 30
1741091670345 6.803199999999997e-05 31
1741091686292 6.703299999999997e-05 32
1741091702105 6.603399999999997e-05 33
1741091718035 6.503499999999998e-05 34
1741091733885 6.403599999999998e-05 35
1741091749746 6.303699999999997e-05 36
1741091765607 6.203799999999998e-05 37
1741091781440 6.103899999999998e-05 38
