1741091173049 0.6964289169935953 0
1741091189152 0.6862196524937948 1
1741091205341 0.6762390250251407 2
1741091221510 0.6669210628384635 3
1741091237431 0.6558146554799307 4
1741091253400 0.6437709281841913 5
1741091269527 0.6311902943111601 6
1741091285775 0.6141909956932068 7
1741091301866 0.5947981781902767 8
1741091317891 0.566960929050332 9
1741091333985 0.5328418158349537 10
1741091350100 0.5145099989715076 11
1741091366214 0.47200956372987657 12
1741091382362 0.42614200995081947 13
1741091398408 0.4098873808979988 14
1741091414427 0.3917443058675244 15
1741091430594 0.37615128198549863 16
1741091446768 0.3677451390595663 17
1741091462651 0.33349994765151114 18
1741091478517 0.3272406038429056 19
1741091494632 0.3247888882954915 20
1741091510474 0.3053112920551073 21
1741091526586 0.30584541903365225 22
1741091542675 0.29545919215750127 23
1741091558837 0.28408954044183093 24
1741091574687 0.2893782396401678 25
1741091590598 0.27082265948965434 26
1741091606654 0.26238286353292917 27
1741091622514 0.2760934565393698 28
1741091638737 0.24225356722516672 29
1741091654536 0.22281457909515925 30
1741091670345 0.23106645420193672 31
1741091686292 0.22538307965511367 32
1741091702105 0.22579070154045308 33
1741091718035 0.22017391434028036 34
1741091733885 0.20896817087417557 35
1741091749746 0.20058851493966012 36
1741091765607 0.21066191712660448 37
1741091781440 0.2117572862300135 38
