1741091173049 0.474354174466492 0
1741091189152 0.5810557843504306 1
1741091205341 0.6173717708723324 2
1741091221510 0.6881317858479971 3
1741091237431 0.703481842006739 4
1741091253400 0.7165855484837139 5
1741091269527 0.7094721078247848 6
1741091285775 0.7278172968925496 7
1741091301866 0.7371770872332459 8
1741091317891 0.7645076750280794 9
1741091333985 0.7877199550730064 10
1741091350100 0.7843504305503557 11
1741091366214 0.8131785847997005 12
1741091382362 0.8363908648446274 13
1741091398408 0.8307749906402097 14
1741091414427 0.8345189067764882 15
1741091430594 0.8378884312991389 16
1741091446768 0.8341445151628604 17
1741091462651 0.863347061025833 18
1741091478517 0.8596031448895545 19
1741091494632 0.8584799700486709 20
1741091510474 0.8678397603893673 21
1741091526586 0.868588543616623 22
1741091542675 0.8738300262074129 23
1741091558837 0.8783227255709473 24
1741091574687 0.8738300262074129 25
1741091590598 0.88131785847997 26
1741091606654 0.8880569075252714 27
1741091622514 0.8895544739797828 28
1741091638737 0.8974166978659678 29
1741091654536 0.9086484462748035 30
1741091670345 0.9015350056158742 31
1741091686292 0.9120179707974542 32
1741091702105 0.9049045301385249 33
1741091718035 0.9153874953201049 34
1741091733885 0.9105204043429427 35
1741091749746 0.917633845001872 36
1741091765607 0.9172594533882441 37
1741091781440 0.9120179707974542 38
