1741091173049 0.473182335559331 0
1741091189152 0.5812787730955786 1
1741091205341 0.6071260189889475 2
1741091221510 0.6885936877989156 3
1741091237431 0.7034703065778555 4
1741091253400 0.7165825652066654 5
1741091269527 0.7091262886048809 6
1741091285775 0.7274779245363423 7
1741091301866 0.7378427864825761 8
1741091317891 0.7644522914309487 9
1741091333985 0.7861619432379886 10
1741091350100 0.7846697483722359 11
1741091366214 0.8134000924063096 12
1741091382362 0.836364650872748 13
1741091398408 0.8309029374488274 14
1741091414427 0.8345969648140766 15
1741091430594 0.837879634053071 16
1741091446768 0.834321919276612 17
1741091462651 0.8633945442821498 18
1741091478517 0.8593091617907489 19
1741091494632 0.8585997126694801 20
1741091510474 0.8679293269176845 21
1741091526586 0.8684905575716104 22
1741091542675 0.8738323523241897 23
1741091558837 0.8782506745651087 24
1741091574687 0.8735727090985377 25
1741091590598 0.8808030880232499 26
1741091606654 0.88807220146157 27
1741091622514 0.8898938021306929 28
1741091638737 0.8974078893494343 29
1741091654536 0.9086495548229385 30
1741091670345 0.9015411976577024 31
1741091686292 0.9118715506797684 32
1741091702105 0.9047620649670185 33
1741091718035 0.9154948611777795 34
1741091733885 0.9104465599705667 35
1741091749746 0.917591583286793 36
1741091765607 0.9171302481745602 37
1741091781440 0.9121036033863825 38
