1741091173049 0.48338028169014086 0
1741091189152 0.5727665706051873 1
1741091205341 0.7777777777777778 2
1741091221510 0.7447013487475915 3
1741091237431 0.7166799680766162 4
1741091253400 0.7199391171993912 5
1741091269527 0.7419072615923009 6
1741091285775 0.7436734693877551 7
1741091301866 0.7669664758789861 8
1741091317891 0.7930174563591023 9
1741091333985 0.79766860949209 10
1741091350100 0.8101367658889783 11
1741091366214 0.8328100470957613 12
1741091382362 0.8388765705838876 13
1741091398408 0.840754716981132 14
1741091414427 0.8226299694189603 15
1741091430594 0.8362264150943396 16
1741091446768 0.8216175359032502 17
1741091462651 0.8696307460437076 18
1741091478517 0.8473011363636364 19
1741091494632 0.8685376661742984 20
1741091510474 0.8600299401197605 21
1741091526586 0.8691520467836257 22
1741091542675 0.8693009118541033 23
1741091558837 0.8757668711656442 24
1741091574687 0.8696904247660188 25
1741091590598 0.8720848056537103 26
1741091606654 0.891449814126394 27
1741091622514 0.875 28
1741091638737 0.8942161339421614 29
1741091654536 0.9061801935964259 30
1741091670345 0.9039039039039038 31
1741091686292 0.9084967320261438 32
1741091702105 0.8934485241180705 33
1741091718035 0.9245852187028658 34
1741091733885 0.9099560761346999 35
1741091749746 0.9153166421207658 36
1741091765607 0.9149090909090909 37
1741091781440 0.9034892353377877 38
