1741091173049 0.55 0
1741091189152 0.5869324473975637 1
1741091205341 0.4251968503937008 2
1741091221510 0.649852879361076 3
1741091237431 0.6939721792890263 4
1741091253400 0.714231785579464 5
1741091269527 0.686084142394822 6
1741091285775 0.7147901137701059 7
1741091301866 0.7276958882854926 8
1741091317891 0.7520693732755223 9
1741091333985 0.7716472009665727 10
1741091350100 0.7776061776061776 11
1741091366214 0.8096146508966043 12
1741091382362 0.8385666789804211 13
1741091398408 0.8313432835820895 14
1741091414427 0.8296067848882035 15
1741091430594 0.8365420913552284 16
1741091446768 0.830722200993504 17
1741091462651 0.8634493078937523 18
1741091478517 0.8641796450561391 19
1741091494632 0.8615384615384616 20
1741091510474 0.8668427008675972 21
1741091526586 0.8713814584096738 22
1741091542675 0.8716190476190476 23
1741091558837 0.8754311996933691 24
1741091574687 0.877588085724664 25
1741091590598 0.8861759425493716 26
1741091606654 0.8891360771227289 27
1741091622514 0.8873615883925162 28
1741091638737 0.895579268292683 29
1741091654536 0.9088872292755787 30
1741091670345 0.9015350056158742 31
1741091686292 0.9141395688710267 32
1741091702105 0.9071637426900585 33
1741091718035 0.9156086631814787 34
1741091733885 0.9122935779816513 35
1741091749746 0.9186991869918699 36
1741091765607 0.9192546583850931 37
1741091781440 0.9119520419632822 38
