1741091173049 0.6379182156133829 0
1741091189152 0.6018168054504164 1
1741091205341 0.29256965944272445 2
1741091221510 0.5764354958985831 3
1741091237431 0.6726591760299625 4
1741091253400 0.7086142322097378 5
1741091269527 0.6380737396538751 6
1741091285775 0.6880664652567976 7
1741091301866 0.692250922509225 8
1741091317891 0.7151424287856072 9
1741091333985 0.7472698907956318 10
1741091350100 0.7475872308834447 11
1741091366214 0.7876763177431328 12
1741091382362 0.8382570162481536 13
1741091398408 0.822140221402214 14
1741091414427 0.8367029548989113 15
1741091430594 0.8368580060422961 16
1741091446768 0.8400309119010819 17
1741091462651 0.8573551263001485 18
1741091478517 0.8817442719881744 19
1741091494632 0.8546511627906976 20
1741091510474 0.8737642585551331 21
1741091526586 0.8736223365172667 22
1741091542675 0.8739495798319328 23
1741091558837 0.8750957854406131 24
1741091574687 0.8856304985337243 25
1741091590598 0.9007299270072993 26
1741091606654 0.8868343195266272 27
1741091622514 0.9000774593338497 28
1741091638737 0.8969465648854962 29
1741091654536 0.9116104868913858 30
1741091670345 0.8991784914115011 31
1741091686292 0.9198529411764705 32
1741091702105 0.9213066072754269 33
1741091718035 0.9068047337278107 34
1741091733885 0.9146431199411332 35
1741091749746 0.922106824925816 36
1741091765607 0.9236417033773862 37
1741091781440 0.9205748865355522 38
