1752070499273 9.901e-05 0
1752070562815 9.802e-05 1
1752070626642 9.703e-05 2
1752070690147 9.604e-05 3
1752070754106 9.504999999999999e-05 4
1752070817901 9.405999999999999e-05 5
1752070881474 9.306999999999999e-05 6
1752070945405 9.207999999999999e-05 7
1752071009383 9.108999999999998e-05 8
1752071073218 9.009999999999998e-05 9
1752071136958 8.910999999999998e-05 10
1752071200695 8.811999999999998e-05 11
1752071264522 8.712999999999997e-05 12
1752071328526 8.613999999999997e-05 13
1752071391603 8.514999999999998e-05 14
1752071455107 8.415999999999998e-05 15
1752071518313 8.316999999999998e-05 16
1752071581617 8.217999999999998e-05 17
1752071645197 8.118999999999997e-05 18
1752071709047 8.019999999999997e-05 19
1752071772648 7.920999999999997e-05 20
1752071835976 7.821999999999997e-05 21
1752071899794 7.722999999999996e-05 22
1752071963114 7.623999999999996e-05 23
1752072026179 7.524999999999996e-05 24
1752072089124 7.425999999999996e-05 25
1752072152399 7.326999999999995e-05 26
1752072215344 7.227999999999995e-05 27
1752072278754 7.128999999999995e-05 28
1752072342314 7.029999999999995e-05 29
1752072405433 6.930999999999994e-05 30
1752072468616 6.831999999999994e-05 31
1752072531626 6.732999999999995e-05 32
1752072595009 6.633999999999995e-05 33
1752072658113 6.534999999999995e-05 34
1752072721579 6.435999999999995e-05 35
1752072784867 6.336999999999994e-05 36
1752072847966 6.237999999999994e-05 37
1752072910976 6.138999999999994e-05 38
