1752070499273 0.8375 0
1752070562815 0.6832937450514648 1
1752070626642 0.6553398058252428 2
1752070690147 0.6431435445068163 3
1752070754106 0.7104642014162077 4
1752070817901 0.7289348171701113 5
1752070881474 0.7830482115085536 6
1752070945405 0.8070456365092074 7
1752071009383 0.828548644338118 8
1752071073218 0.837000814995925 9
1752071136958 0.85553772070626 10
1752071200695 0.8507109004739336 11
1752071264522 0.8538704581358609 12
1752071328526 0.8774509803921569 13
1752071391603 0.8661290322580645 14
1752071455107 0.862540192926045 15
1752071518313 0.864908073541167 16
1752071581617 0.8870326173428799 17
1752071645197 0.8871349644830308 18
1752071709047 0.891497975708502 19
1752071772648 0.8830845771144279 20
1752071835976 0.8738244514106583 21
1752071899794 0.8923198733174981 22
1752071963114 0.8953579858379229 23
1752072026179 0.9068825910931174 24
1752072089124 0.910459587955626 25
1752072152399 0.8947368421052632 26
1752072215344 0.9253968253968254 27
1752072278754 0.9080824088748018 28
1752072342314 0.9164086687306502 29
1752072405433 0.9286287089013633 30
1752072468616 0.9125816993464052 31
1752072531626 0.9338645418326693 32
1752072595009 0.9334402566158782 33
1752072658113 0.9369009584664537 34
1752072721579 0.9345189975747777 35
1752072784867 0.9172633253778838 36
1752072847966 0.9229508196721311 37
1752072910976 0.9297553275453828 38
