1752070499273 0.679340937896071 0
1752070562815 0.6873755475906014 1
1752070626642 0.7089715536105032 2
1752070690147 0.705054945054945 3
1752070754106 0.7506234413965087 4
1752070817901 0.7722105263157895 5
1752070881474 0.7995236204843191 6
1752070945405 0.8205128205128205 7
1752071009383 0.8419773095623987 8
1752071073218 0.8387096774193549 9
1752071136958 0.8528 10
1752071200695 0.859880239520958 11
1752071264522 0.8606687898089171 12
1752071328526 0.8799672265464973 13
1752071391603 0.8788870703764321 14
1752071455107 0.868474301902064 15
1752071518313 0.8814663951120163 16
1752071581617 0.8988311164852882 17
1752071645197 0.8952608522500995 18
1752071709047 0.8973105134474327 19
1752071772648 0.8882402001668057 20
1752071835976 0.8927141713370697 21
1752071899794 0.8947995236204843 22
1752071963114 0.8960629921259843 23
1752072026179 0.9139126886984904 24
1752072089124 0.9129916567342073 25
1752072152399 0.9061256961018298 26
1752072215344 0.9148685759121225 27
1752072278754 0.9109697933227345 28
1752072342314 0.9210423959548814 29
1752072405433 0.9183187946074544 30
1752072468616 0.9144494474007367 31
1752072531626 0.9357285429141716 32
1752072595009 0.927120669056153 33
1752072658113 0.9357798165137615 34
1752072721579 0.9326341266639774 35
1752072784867 0.9227691076430572 36
1752072847966 0.9244663382594417 37
1752072910976 0.9308573686290004 38
