1752070499273 0.685128862344766 0
1752070562815 0.6724759159208853 1
1752070626642 0.6524519807175745 2
1752070690147 0.6363102703154841 3
1752070754106 0.6073901336404341 4
1752070817901 0.5697382096248337 5
1752070881474 0.5312666255462019 6
1752070945405 0.47909405525726606 7
1752071009383 0.430929554036901 8
1752071073218 0.39640092359313484 9
1752071136958 0.36989545746694635 10
1752071200695 0.358119583393954 11
1752071264522 0.3421166231737861 12
1752071328526 0.30173484434055375 13
1752071391603 0.2943509562483317 14
1752071455107 0.31103166843516916 15
1752071518313 0.2843830322351637 16
1752071581617 0.2619901322111299 17
1752071645197 0.2610953196505957 18
1752071709047 0.24609809755524503 19
1752071772648 0.2641805821581732 20
1752071835976 0.24814330578982075 21
1752071899794 0.247720115075383 22
1752071963114 0.23992661971457396 23
1752072026179 0.21314963971889472 24
1752072089124 0.22329867734939238 25
1752072152399 0.22967320680618286 26
1752072215344 0.20674794902907143 27
1752072278754 0.2120253674780266 28
1752072342314 0.20565730455932738 29
1752072405433 0.2046994900778879 30
1752072468616 0.20000380390807043 31
1752072531626 0.17892333431334434 32
1752072595009 0.183489084621019 33
1752072658113 0.16899020455871958 34
1752072721579 0.1740778019722504 35
1752072784867 0.19197026602452313 36
1752072847966 0.17590277217611483 37
1752072910976 0.17594292811766454 38
