1752070499273 0.5714285714285714 0
1752070562815 0.6915064102564102 1
1752070626642 0.7721639656816015 2
1752070690147 0.7801556420233463 3
1752070754106 0.7955947136563877 4
1752070817901 0.8209489704565801 5
1752070881474 0.8167072181670721 6
1752070945405 0.8344370860927153 7
1752071009383 0.8558484349258649 8
1752071073218 0.8404255319148937 9
1752071136958 0.8500797448165869 10
1752071200695 0.8692493946731235 11
1752071264522 0.8675762439807384 12
1752071328526 0.8824979457682827 13
1752071391603 0.8920265780730897 14
1752071455107 0.8744906275468622 15
1752071518313 0.8986710963455149 16
1752071581617 0.9109477124183006 17
1752071645197 0.9035369774919614 18
1752071709047 0.9031993437243643 19
1752071772648 0.8934563758389261 20
1752071835976 0.9124386252045826 21
1752071899794 0.8972929936305732 22
1752071963114 0.8967691095350669 23
1752072026179 0.9210526315789473 24
1752072089124 0.9155378486055777 25
1752072152399 0.9178082191780822 26
1752072215344 0.9045771916214119 27
1752072278754 0.9138755980861244 28
1752072342314 0.9257232212666145 29
1752072405433 0.908235294117647 30
1752072468616 0.9163248564397046 31
1752072531626 0.9376 32
1752072595009 0.9208860759493671 33
1752072658113 0.9346613545816733 34
1752072721579 0.9307568438003221 35
1752072784867 0.928341384863124 36
1752072847966 0.9259868421052632 37
1752072910976 0.9319620253164557 38
