1752070499273 0.5924512987012986 0
1752070562815 0.6875235738868213 1
1752070626642 0.7340178652950664 2
1752070690147 0.7322437090123015 3
1752070754106 0.7617590950674915 4
1752070817901 0.7847225919981339 5
1752070881474 0.7993544483317646 6
1752070945405 0.8243462545174699 7
1752071009383 0.8447194732024453 8
1752071073218 0.8426249211166397 9
1752071136958 0.8535192552978378 10
1752071200695 0.8603474245547837 11
1752071264522 0.8607233510582997 12
1752071328526 0.88321306783583 13
1752071391603 0.8819638871982146 14
1752071455107 0.8705445444125494 15
1752071518313 0.8840797306643188 16
1752071581617 0.9000900138507228 17
1752071645197 0.895374711157178 18
1752071709047 0.8995469518323246 19
1752071772648 0.8929205427685464 20
1752071835976 0.8936274360613162 21
1752071899794 0.8945186236083087 22
1752071963114 0.8948989768029261 23
1752072026179 0.9158531984439745 24
1752072089124 0.9128297939778129 25
1752072152399 0.9062061934497261 26
1752072215344 0.913577006947614 27
1752072278754 0.9108412044374008 28
1752072342314 0.9192699081358169 29
1752072405433 0.918069295162144 30
1752072468616 0.9166945763812772 31
1752072531626 0.9359060179330411 32
1752072595009 0.9271944366083343 33
1752072658113 0.9359107966935444 34
1752072721579 0.9335340085913104 35
1752072784867 0.9231734953582647 36
1752072847966 0.9266456884738365 37
1752072910976 0.9303395111622496 38
