1752070499273 0.5971337579617835 0
1752070562815 0.6875 1
1752070626642 0.7352707006369427 2
1752070690147 0.7328821656050956 3
1752070754106 0.7611464968152867 4
1752070817901 0.7846337579617835 5
1752070881474 0.7989649681528662 6
1752070945405 0.8244426751592356 7
1752071009383 0.8447452229299363 8
1752071073218 0.8427547770700637 9
1752071136958 0.8535031847133758 10
1752071200695 0.8602707006369427 11
1752071264522 0.8606687898089171 12
1752071328526 0.883359872611465 13
1752071391603 0.8821656050955414 14
1752071455107 0.8706210191082803 15
1752071518313 0.884156050955414 16
1752071581617 0.9000796178343949 17
1752071645197 0.8953025477707006 18
1752071709047 0.8996815286624203 19
1752071772648 0.893312101910828 20
1752071835976 0.893312101910828 21
1752071899794 0.8945063694267515 22
1752071963114 0.8949044585987261 23
1752072026179 0.9160031847133758 24
1752072089124 0.9128184713375797 25
1752072152399 0.9060509554140127 26
1752072215344 0.9136146496815286 27
1752072278754 0.910828025477707 28
1752072342314 0.919187898089172 29
1752072405433 0.9179936305732485 30
1752072468616 0.9167993630573248 31
1752072531626 0.9359076433121019 32
1752072595009 0.9271496815286624 33
1752072658113 0.9359076433121019 34
1752072721579 0.9335191082802548 35
1752072784867 0.9231687898089171 36
1752072847966 0.9267515923566879 37
1752072910976 0.9303343949044586 38
