1752064255699 9.901e-05 0
1752064327839 9.802e-05 1
1752064400295 9.703e-05 2
1752064472876 9.604e-05 3
1752064545187 9.504999999999999e-05 4
1752064618246 9.405999999999999e-05 5
1752064690939 9.306999999999999e-05 6
1752064763326 9.207999999999999e-05 7
1752064836260 9.108999999999998e-05 8
1752064908656 9.009999999999998e-05 9
1752064981247 8.910999999999998e-05 10
1752065053697 8.811999999999998e-05 11
1752065126429 8.712999999999997e-05 12
1752065199748 8.613999999999997e-05 13
1752065272447 8.514999999999998e-05 14
1752065345804 8.415999999999998e-05 15
1752065418410 8.316999999999998e-05 16
1752065490798 8.217999999999998e-05 17
1752065563847 8.118999999999997e-05 18
1752065636307 8.019999999999997e-05 19
1752065708353 7.920999999999997e-05 20
1752065780854 7.821999999999997e-05 21
1752065853479 7.722999999999996e-05 22
1752065926235 7.623999999999996e-05 23
1752065997937 7.524999999999996e-05 24
1752066069917 7.425999999999996e-05 25
1752066141656 7.326999999999995e-05 26
1752066214533 7.227999999999995e-05 27
1752066287577 7.128999999999995e-05 28
1752066359514 7.029999999999995e-05 29
1752066431410 6.930999999999994e-05 30
1752066503954 6.831999999999994e-05 31
1752066576175 6.732999999999995e-05 32
