1752064255699 0.5908717105263158 0
1752064327839 0.6829769736842105 1
1752064400295 0.694078947368421 2
1752064472876 0.7113486842105263 3
1752064545187 0.7162828947368421 4
1752064618246 0.7294407894736842 5
1752064690939 0.7228618421052632 6
1752064763326 0.7471217105263158 7
1752064836260 0.764391447368421 8
1752064908656 0.7689144736842105 9
1752064981247 0.78125 10
1752065053697 0.78125 11
1752065126429 0.7985197368421053 12
1752065199748 0.8067434210526315 13
1752065272447 0.8079769736842105 14
1752065345804 0.8211348684210527 15
1752065418410 0.8273026315789473 16
1752065490798 0.8199013157894737 17
1752065563847 0.8351151315789473 18
1752065636307 0.8445723684210527 19
1752065708353 0.8511513157894737 20
1752065780854 0.8532072368421053 21
1752065853479 0.8564967105263158 22
1752065926235 0.859375 23
1752065997937 0.8655427631578947 24
1752066069917 0.8745888157894737 25
1752066141656 0.873766447368421 26
1752066214533 0.8778782894736842 27
1752066287577 0.891858552631579 28
1752066359514 0.8828125 29
1752066431410 0.8914473684210527 30
1752066503954 0.8824013157894737 31
1752066576175 0.8881578947368421 32
