1752064255699 0.5689448441247003 0
1752064327839 0.7093023255813954 1
1752064400295 0.791025641025641 2
1752064472876 0.7303058387395737 3
1752064545187 0.7910112359550562 4
1752064618246 0.7680365296803653 5
1752064690939 0.7420212765957447 6
1752064763326 0.7814258911819888 7
1752064836260 0.7851387645478961 8
1752064908656 0.7838078291814946 9
1752064981247 0.7893864013266998 10
1752065053697 0.7903225806451613 11
1752065126429 0.7978981406628941 12
1752065199748 0.7991902834008097 13
1752065272447 0.8025974025974026 14
1752065345804 0.8161764705882353 15
1752065418410 0.8100158982511924 16
1752065490798 0.8126009693053312 17
1752065563847 0.8261550509005482 18
1752065636307 0.829093799682035 19
1752065708353 0.8434426229508196 20
1752065780854 0.8356275303643724 21
1752065853479 0.8479299363057324 22
1752065926235 0.8458498023715415 23
1752065997937 0.8481012658227848 24
1752066069917 0.8677074774034511 25
1752066141656 0.8572549019607844 26
1752066214533 0.8643933386201428 27
1752066287577 0.8780876494023905 28
1752066359514 0.875594294770206 29
1752066431410 0.8732718894009217 30
1752066503954 0.8623417721518988 31
1752066576175 0.8728744939271255 32
