1752064255699 0.5895010398525607 0
1752064327839 0.6821889539779517 1
1752064400295 0.6914671399929109 2
1752064472876 0.7106023064638213 3
1752064545187 0.7154103363199583 4
1752064618246 0.7307585861559127 5
1752064690939 0.7229832819347508 6
1752064763326 0.7470711558815275 7
1752064836260 0.7641970215471183 8
1752064908656 0.7684632034632035 9
1752064981247 0.7813346319819271 10
1752065053697 0.78125 11
1752065126429 0.7984660491635301 12
1752065199748 0.8067985610780958 13
1752065272447 0.8074654711290677 14
1752065345804 0.8211644473480784 15
1752065418410 0.82758658008658 16
1752065490798 0.8199345344370502 17
1752065563847 0.8348172129129315 18
1752065636307 0.8447377035431868 19
1752065708353 0.8512337662337663 20
1752065780854 0.8536152111715328 21
1752065853479 0.8564138408650844 22
1752065926235 0.8593586739300241 23
1752065997937 0.8657088750993356 24
1752066069917 0.8746590909090909 25
1752066141656 0.8737275572616139 26
1752066214533 0.8778782894736843 27
1752066287577 0.8919155440134178 28
1752066359514 0.882622853459256 29
1752066431410 0.8909715232003118 30
1752066503954 0.8826792743800983 31
1752066576175 0.8884446329713211 32
