1752064255699 0.7746938775510204 0
1752064327839 0.6084788029925187 1
1752064400295 0.5150250417362271 2
1752064472876 0.6572143452877398 3
1752064545187 0.5827814569536424 4
1752064618246 0.6755020080321286 5
1752064690939 0.6860655737704918 6
1752064763326 0.68559670781893 7
1752064836260 0.724793388429752 8
1752064908656 0.7341666666666666 9
1752064981247 0.7739837398373983 10
1752065053697 0.765625 11
1752065126429 0.80440097799511 12
1752065199748 0.8163771712158809 13
1752065272447 0.7950257289879932 14
1752065345804 0.826302729528536 15
1752065418410 0.8491666666666666 16
1752065490798 0.83003300330033 17
1752065563847 0.8549432739059968 18
1752065636307 0.8648424543946932 19
1752065708353 0.8575 20
1752065780854 0.8701517706576728 21
1752065853479 0.8708094848732625 22
1752065926235 0.8792111750205424 23
1752065997937 0.8881524440762221 24
1752066069917 0.88 25
1752066141656 0.8973727422003284 26
1752066214533 0.8963815789473685 27
1752066287577 0.9092409240924092 28
1752066359514 0.8961881589618816 29
1752066431410 0.9199029126213593 30
1752066503954 0.9068219633943427 31
1752066576175 0.90360435875943 32
