1752064255699 0.656066367092983 0
1752064327839 0.6550335570469799 1
1752064400295 0.6238624873609707 2
1752064472876 0.6918349429323969 3
1752064545187 0.6711153479504289 4
1752064618246 0.7188034188034188 5
1752064690939 0.712947189097104 6
1752064763326 0.7303814116615519 7
1752064836260 0.7537602062741727 8
1752064908656 0.7581755593803786 9
1752064981247 0.7816091954022989 10
1752065053697 0.7777777777777778 11
1752065126429 0.8011363636363636 12
1752065199748 0.8076923076923077 13
1752065272447 0.7987936234381732 14
1752065345804 0.8212083847102343 15
1752065418410 0.8291293734743694 16
1752065490798 0.8212244897959183 17
1752065563847 0.8403026682596575 18
1752065636307 0.8465909090909091 19
1752065708353 0.8504132231404958 20
1752065780854 0.8525402726146221 21
1752065853479 0.8592174263816055 22
1752065926235 0.8622078968573731 23
1752065997937 0.867664912990692 24
1752066069917 0.8738105088953247 25
1752066141656 0.8768551945447253 26
1752066214533 0.8800968914008882 27
1752066287577 0.8933927847588163 28
1752066359514 0.8857715430861723 29
1752066431410 0.8959810874704491 30
1752066503954 0.884022708840227 31
1752066576175 0.8879736408566722 32
