1752064255699 0.6868561223933571 0
1752064327839 0.6753557857714201 1
1752064400295 0.6604781935089513 2
1752064472876 0.644759180514436 3
1752064545187 0.6245805040786141 4
1752064618246 0.6055657283255929 5
1752064690939 0.5830205902457237 6
1752064763326 0.5457590947809973 7
1752064836260 0.5181246278317351 8
1752064908656 0.5000952980236003 9
1752064981247 0.4670474729255626 10
1752065053697 0.4612902438170032 11
1752065126429 0.4303272401815967 12
1752065199748 0.4115914918090168 13
1752065272447 0.3968709950384341 14
1752065345804 0.3818985047309022 15
1752065418410 0.3819357576338868 16
1752065490798 0.3752591566819894 17
1752065563847 0.35450977243875204 18
1752065636307 0.34815217123219844 19
1752065708353 0.32972173059457227 20
1752065780854 0.32759524960266917 21
1752065853479 0.3235142756449549 22
1752065926235 0.3125276945923504 23
1752065997937 0.3040738672410187 24
1752066069917 0.2865765010447879 25
1752066141656 0.2960227231838201 26
1752066214533 0.2899374310907565 27
1752066287577 0.25212099520783676 28
1752066359514 0.26714251621773366 29
1752066431410 0.25602749127306434 30
1752066503954 0.26389280677233873 31
1752066576175 0.2605403114698435 32
