1752076388206 0.6887031077134489 0
1752076453512 0.6733066108491685 1
1752076518731 0.6585622875377385 2
1752076583844 0.6338057216971812 3
1752076648930 0.5986659442535555 4
1752076714072 0.5591126270968505 5
1752076779370 0.5050847638737072 6
1752076844353 0.46529616611172453 7
1752076909237 0.4304608783938668 8
1752076974720 0.39193759572626363 9
1752077039743 0.37405563273815196 10
1752077104844 0.3488111249124161 11
1752077169892 0.33957525335177025 12
1752077234769 0.3186356155860304 13
1752077300300 0.30417641816717206 14
1752077365204 0.29696380038454073 15
1752077430025 0.2792705985331776 16
1752077495543 0.27254472326750706 17
1752077560818 0.2716322967199364 18
1752077625991 0.26423648978122555 19
1752077691273 0.2462237418601007 20
1752077756311 0.2560979221204315 21
1752077821231 0.24876562265133617 22
1752077886608 0.23918754946101795 23
1752077951861 0.22933215866185197 24
1752078016877 0.22523670229646894 25
1752078081824 0.2156588886723374 26
1752078147028 0.21483990580144555 27
1752078211926 0.18720690232485232 28
1752078276697 0.2271017755823906 29
1752078341905 0.2150269781399255 30
