1752076388206 0.5639240506329114 0
1752076453512 0.6813291139240506 1
1752076518731 0.680379746835443 2
1752076583844 0.7316455696202532 3
1752076648930 0.7604430379746835 4
1752076714072 0.7841772151898734 5
1752076779370 0.8132911392405063 6
1752076844353 0.8212025316455697 7
1752076909237 0.825632911392405 8
1752076974720 0.8420886075949368 9
1752077039743 0.8455696202531645 10
1752077104844 0.8598101265822785 11
1752077169892 0.8528481012658228 12
1752077234769 0.8629746835443038 13
1752077300300 0.8721518987341772 14
1752077365204 0.8762658227848101 15
1752077430025 0.8863924050632911 16
1752077495543 0.8832278481012659 17
1752077560818 0.8835443037974684 18
1752077625991 0.8873417721518987 19
1752077691273 0.9015822784810127 20
1752077756311 0.890506329113924 21
1752077821231 0.8949367088607595 22
1752077886608 0.8971518987341772 23
1752077951861 0.904113924050633 24
1752078016877 0.9072784810126582 25
1752078081824 0.9110759493670886 26
1752078147028 0.9094936708860759 27
1752078211926 0.9234177215189874 28
1752078276697 0.9 29
1752078341905 0.9136075949367088 30
