1751960999510 9.9001e-05 0
1751961905417 9.800199999999999e-05 1
1751962814734 9.700299999999998e-05 2
1751963722187 9.600399999999998e-05 3
1751964628286 9.500499999999998e-05 4
1751965535147 9.400599999999998e-05 5
1751966445026 9.300699999999999e-05 6
1751967353031 9.200799999999999e-05 7
1751968260424 9.1009e-05 8
1751969165949 9.000999999999999e-05 9
1751970074566 8.901099999999999e-05 10
1751970980940 8.801199999999998e-05 11
1751971887905 8.701299999999999e-05 12
1751972796998 8.6014e-05 13
1751973704168 8.5015e-05 14
1751974608469 8.401599999999999e-05 15
1751975512953 8.3017e-05 16
1751976418891 8.201799999999999e-05 17
1751977328047 8.101899999999999e-05 18
1751978235712 8.001999999999998e-05 19
1751979141668 7.902099999999999e-05 20
1751980048550 7.802199999999999e-05 21
1751980955539 7.7023e-05 22
1751981861295 7.602399999999999e-05 23
1751982769229 7.5025e-05 24
1751983676128 7.4026e-05 25
1751984582836 7.302699999999999e-05 26
1751985488884 7.2028e-05 27
