1751960999510 0.925128625182379 0
1751961905417 0.9568433716435867 1
1751962814734 0.9720480200680881 2
1751963722187 0.9812117644047406 3
1751964628286 0.9845905751657409 4
1751965535147 0.9868431156730745 5
1751966445026 0.9871502802877109 6
1751967353031 0.9894540148974839 7
1751968260424 0.9897355824609005 8
1751969165949 0.9906058822023703 9
1751970074566 0.9920649141218931 10
1751970980940 0.9911690173292037 11
1751971887905 0.9925768551462871 12
1751972796998 0.9927304374536053 13
1751973704168 0.9930887961706811 14
1751974608469 0.9938055136048327 15
1751975512953 0.993779916553613 16
1751976418891 0.993523946041416 17
1751977328047 0.9944198428341056 18
1751978235712 0.9938055136048327 19
1751979141668 0.9941126782194691 20
1751980048550 0.994803798602401 21
1751980955539 0.9945222310389843 22
1751981861295 0.9950341720633783 23
1751982769229 0.9950085750121586 24
1751983676128 0.995648501292651 25
1751984582836 0.9954181278316738 26
1751985488884 0.9949573809097192 27
