1751960999510 0.9813055313029634 0
1751961905417 0.9836048775489292 1
1751962814734 0.985897435897436 2
1751963722187 0.9893360676749552 3
1751964628286 0.9905225409836066 4
1751965535147 0.9928396072013094 5
1751966445026 0.9925460764792975 6
1751967353031 0.9937354387781517 7
1751968260424 0.9948411482276024 8
1751969165949 0.995182698713678 9
1751970074566 0.9962217910752579 10
1751970980940 0.9953034682080925 11
1751971887905 0.9961695739945132 12
1751972796998 0.9965662156621566 13
1751973704168 0.9967214794324061 14
1751974608469 0.9974326059050064 15
1751975512953 0.9976470588235294 16
1751976418891 0.9971334971334971 17
1751977328047 0.9979441846122218 18
1751978235712 0.9976080207644155 19
1751979141668 0.9972496689416319 20
1751980048550 0.9981601676291716 21
1751980955539 0.9976294769389332 22
1751981861295 0.9983561080858934 23
1751982769229 0.9982557841276356 24
1751983676128 0.9985258984394856 25
1751984582836 0.99824479892623 26
1751985488884 0.9980605318225897 27
