1751960999510 0.9288995843360315 0
1751961905417 0.9579362307270096 1
1751962814734 0.9723837944464114 2
1751963722187 0.9813364524003255 3
1751964628286 0.9846710124261561 4
1751965535147 0.9869337536224516 5
1751966445026 0.9872537070891733 6
1751967353031 0.989381443298969 7
1751968260424 0.9898106974971415 8
1751969165949 0.9906389491136335 9
1751970074566 0.9921187776478365 10
1751970980940 0.9911345239624824 11
1751971887905 0.9925219185146983 12
1751972796998 0.9927502935620565 13
1751973704168 0.9931094324213965 14
1751974608469 0.9938094750844162 15
1751975512953 0.9938090749280273 16
1751976418891 0.9935480580419759 17
1751977328047 0.9944176994776196 18
1751978235712 0.9938650306748467 19
1751979141668 0.9941609545569942 20
1751980048550 0.9948300012733987 21
1751980955539 0.994503236412206 22
1751981861295 0.9950335364292663 23
1751982769229 0.9950144453250838 24
1751983676128 0.9956916214709312 25
1751984582836 0.9953928911538362 26
1751985488884 0.9949881700460478 27
