1751960999510 0.8818072733985601 0
1751961905417 0.9335732347792258 1
1751962814734 0.9592356052290191 2
1751963722187 0.9734651667255209 3
1751964628286 0.9788882138517618 4
1751965535147 0.9810977458809259 5
1751966445026 0.982017477395565 6
1751967353031 0.9850654349499615 7
1751968260424 0.9848308641351065 8
1751969165949 0.9861365021328459 9
1751970074566 0.988049422726352 10
1751970980940 0.9870003582578433 11
1751971887905 0.9889008786804377 12
1751972796998 0.9889634828603397 13
1751973704168 0.9895234704775466 14
1751974608469 0.9902125707294693 15
1751975512953 0.9900005075884473 16
1751976418891 0.9899883112263048 17
1751977328047 0.9909160500127584 18
1751978235712 0.9901500227307167 19
1751979141668 0.9910913140311804 20
1751980048550 0.9915219819270992 21
1751980955539 0.9913965278844676 22
1751981861295 0.9917330067360686 23
1751982769229 0.9917940876656473 24
1751983676128 0.9928733889310083 25
1751984582836 0.9925572323170105 26
1751985488884 0.991934665719793 27
