1751960999510 0.9253077972905916 0
1751961905417 0.9568645902911662 1
1751962814734 0.9720717311852898 2
1751963722187 0.9812236007529259 3
1751964628286 0.9845946720367975 4
1751965535147 0.9868374310667064 5
1751966445026 0.9871354612375953 6
1751967353031 0.9895013767402301 7
1751968260424 0.9897239247218365 8
1751969165949 0.9906106804399933 9
1751970074566 0.9920537116148325 10
1751970980940 0.991202087057172 11
1751971887905 0.9926158787533839 12
1751972796998 0.9927346547500249 13
1751973704168 0.9930911193335161 14
1751974608469 0.9938163437854963 15
1751975512953 0.9937766472065077 16
1751976418891 0.9935234840129622 17
1751977328047 0.9944335915411951 18
1751978235712 0.9937828959522974 19
1751979141668 0.9940964549102745 20
1751980048550 0.9947980325325345 21
1751980955539 0.9945425382863723 22
1751981861295 0.9950456118206111 23
1751982769229 0.9950152937190747 24
1751983676128 0.9956278043295707 25
1751984582836 0.9954414490163237 26
1751985488884 0.9949478996793959 27
