1751960999510 0.2964960500219628 0
1751961905417 0.12180958381098109 1
1751962814734 0.08169396336203369 2
1751963722187 0.06015515009251734 3
1751964628286 0.05119642240310318 4
1751965535147 0.044027204230583344 5
1751966445026 0.0422159351947558 6
1751967353031 0.03612502620402528 7
1751968260424 0.03489607578285731 8
1751969165949 0.033934909953521435 9
1751970074566 0.028132612689418822 10
1751970980940 0.029529515514455363 11
1751971887905 0.026325529958146267 12
1751972796998 0.024660753886004486 13
1751973704168 0.023818870641916217 14
1751974608469 0.023784333680549302 15
1751975512953 0.02416468861603989 16
1751976418891 0.0221267678845162 17
1751977328047 0.020730061867351764 18
1751978235712 0.022695885526073944 19
1751979141668 0.020812099936642677 20
1751980048550 0.021000672065655576 21
1751980955539 0.020368458145777837 22
1751981861295 0.01896041413558129 23
1751982769229 0.018440474496248967 24
1751983676128 0.017158954571838164 25
1751984582836 0.017804029638506014 26
1751985488884 0.018013635022530637 27
