1752066711167 9.901e-05 0
1752066774329 9.802e-05 1
1752066837682 9.703e-05 2
1752066900876 9.604e-05 3
1752066964628 9.504999999999999e-05 4
1752067027746 9.405999999999999e-05 5
1752067090827 9.306999999999999e-05 6
1752067154028 9.207999999999999e-05 7
1752067217233 9.108999999999998e-05 8
1752067280709 9.009999999999998e-05 9
1752067343997 8.910999999999998e-05 10
1752067406801 8.811999999999998e-05 11
1752067470030 8.712999999999997e-05 12
1752067533242 8.613999999999997e-05 13
1752067596478 8.514999999999998e-05 14
1752067660117 8.415999999999998e-05 15
1752067723102 8.316999999999998e-05 16
1752067786536 8.217999999999998e-05 17
1752067849666 8.118999999999997e-05 18
1752067912656 8.019999999999997e-05 19
1752067975729 7.920999999999997e-05 20
1752068038166 7.821999999999997e-05 21
1752068101543 7.722999999999996e-05 22
1752068164147 7.623999999999996e-05 23
1752068227226 7.524999999999996e-05 24
1752068290620 7.425999999999996e-05 25
1752068354323 7.326999999999995e-05 26
1752068417130 7.227999999999995e-05 27
1752068480045 7.128999999999995e-05 28
1752068543143 7.029999999999995e-05 29
1752068605733 6.930999999999994e-05 30
1752068668851 6.831999999999994e-05 31
1752068731604 6.732999999999995e-05 32
1752068794620 6.633999999999995e-05 33
1752068857051 6.534999999999995e-05 34
1752068919590 6.435999999999995e-05 35
1752068982328 6.336999999999994e-05 36
1752069045106 6.237999999999994e-05 37
1752069107638 6.138999999999994e-05 38
1752069170180 6.039999999999994e-05 39
1752069233518 5.9409999999999934e-05 40
1752069296139 5.841999999999994e-05 41
1752069358641 5.742999999999994e-05 42
1752069421333 5.643999999999994e-05 43
1752069484497 5.5449999999999945e-05 44
1752069547408 5.445999999999995e-05 45
1752069610114 5.3469999999999954e-05 46
1752069672969 5.247999999999996e-05 47
1752069735472 5.1489999999999956e-05 48
1752069798940 5.049999999999996e-05 49
1752069861391 4.950999999999996e-05 50
1752069924001 4.8519999999999956e-05 51
1752069986667 4.752999999999995e-05 52
1752070049067 4.653999999999995e-05 53
1752070111594 4.5549999999999955e-05 54
1752070174242 4.455999999999996e-05 55
1752070236926 4.3569999999999964e-05 56
1752070299579 4.257999999999997e-05 57
1752070361951 4.1589999999999966e-05 58
