1752066711167 0.5538674033149171 0
1752066774329 0.6317743132887899 1
1752066837682 0.6959910913140311 2
1752066900876 0.6679160419790104 3
1752066964628 0.7693298969072165 4
1752067027746 0.7785171102661597 5
1752067090827 0.7487765089722676 6
1752067154028 0.7701149425287356 7
1752067217233 0.7732463295269169 8
1752067280709 0.7731629392971247 9
1752067343997 0.7671125098347757 10
1752067406801 0.77662129703763 11
1752067470030 0.7789223454833597 12
1752067533242 0.7982663514578409 13
1752067596478 0.8015075376884422 14
1752067660117 0.7738187451587917 15
1752067723102 0.8128930817610063 16
1752067786536 0.8255627009646302 17
1752067849666 0.8289473684210527 18
1752067912656 0.8265060240963855 19
1752067975729 0.8419354838709677 20
1752068038166 0.8415605095541401 21
1752068101543 0.8425702811244979 22
1752068164147 0.8419429452582884 23
1752068227226 0.8478764478764479 24
1752068290620 0.8457142857142858 25
1752068354323 0.8617886178861789 26
1752068417130 0.8668242710795903 27
1752068480045 0.8621236133122029 28
1752068543143 0.8614262560777958 29
1752068605733 0.866822429906542 30
1752068668851 0.8688394276629571 31
1752068731604 0.8712871287128713 32
1752068794620 0.884185303514377 33
1752068857051 0.882943143812709 34
1752068919590 0.8738738738738738 35
1752068982328 0.8879528222409435 36
1752069045106 0.8898377455166524 37
1752069107638 0.8958677685950414 38
1752069170180 0.8769611890999174 39
1752069233518 0.9091653027823241 40
1752069296139 0.8933764135702746 41
1752069358641 0.8938053097345132 42
1752069421333 0.9117889530090684 43
1752069484497 0.8898643256185156 44
1752069547408 0.9026845637583892 45
1752069610114 0.9013490725126475 46
1752069672969 0.8836104513064132 47
1752069735472 0.9099025974025974 48
1752069798940 0.9083601286173634 49
1752069861391 0.9063250600480385 50
1752069924001 0.8928571428571429 51
1752069986667 0.9058031959629941 52
1752070049067 0.9106844741235393 53
1752070111594 0.9127243066884176 54
1752070174242 0.89944576405384 55
1752070236926 0.9102141680395387 56
1752070299579 0.9201612903225806 57
1752070361951 0.8917568692756037 58
