1752066711167 0.6048265460030166 0
1752066774329 0.6622568093385214 1
1752066837682 0.600096015362458 2
1752066900876 0.7032359905288083 3
1752066964628 0.6057838660578386 4
1752067027746 0.7187362878455463 5
1752067090827 0.7503064977523498 6
1752067154028 0.7803660565723793 7
1752067217233 0.7802469135802469 8
1752067280709 0.7924682767089644 9
1752067343997 0.7907542579075426 10
1752067406801 0.7950819672131147 11
1752067470030 0.8014675907052589 12
1752067533242 0.8182552504038773 13
1752067596478 0.8155091606305922 14
1752067660117 0.808252427184466 15
1752067723102 0.8301886792452831 16
1752067786536 0.8449197860962567 17
1752067849666 0.850337435490274 18
1752067912656 0.8458692971639951 19
1752067975729 0.8592592592592593 20
1752068038166 0.8653295128939829 21
1752068101543 0.853539462978031 22
1752068164147 0.867699642431466 23
1752068227226 0.8721207307386815 24
1752068290620 0.8644138506466417 25
1752068354323 0.8742268041237113 26
1752068417130 0.8821170809943866 27
1752068480045 0.8816855753646677 28
1752068543143 0.876701030927835 29
1752068605733 0.8864994026284349 30
1752068668851 0.8853786958282706 31
1752068731604 0.8885149347917544 32
1752068794620 0.9003660024400163 33
1752068857051 0.8960543063215952 34
1752068919590 0.8947589098532495 35
1752068982328 0.8943572337717437 36
1752069045106 0.8925053533190578 37
1752069107638 0.9033333333333333 38
1752069170180 0.8984771573604061 39
1752069233518 0.9159109645507008 40
1752069296139 0.9080459770114943 41
1752069358641 0.9065687474500204 42
1752069421333 0.9189862899875364 43
1752069484497 0.9035656401944895 44
1752069547408 0.9110922946655376 45
1752069610114 0.8971884179605539 46
1752069672969 0.9040097205346294 47
1752069735472 0.9245360824742268 48
1752069798940 0.9131313131313131 49
1752069861391 0.9184584178498986 50
1752069924001 0.9140008309098463 51
1752069986667 0.9146496815286624 52
1752070049067 0.915268456375839 53
1752070111594 0.9198520345252774 54
1752070174242 0.9157597742845627 55
1752070236926 0.9204498125780924 56
1752070299579 0.924260834345889 57
1752070361951 0.8988669744020142 58
