1752066711167 0.5641139305285463 0
1752066774329 0.6381010884167388 1
1752066837682 0.6518278342671371 2
1752066900876 0.687432572614108 3
1752066964628 0.6758238528303192 4
1752067027746 0.734844396660869 5
1752067090827 0.7458538083538084 6
1752067154028 0.7805986440105857 7
1752067217233 0.7779508217128029 8
1752067280709 0.7894124937581006 9
1752067343997 0.7856357412082022 10
1752067406801 0.7923114323931407 11
1752067470030 0.797769031049732 12
1752067533242 0.8127907185823375 13
1752067596478 0.8203557742131238 14
1752067660117 0.8036656096251653 15
1752067723102 0.8237808614862762 16
1752067786536 0.8435227415778211 17
1752067849666 0.8426272618212461 18
1752067912656 0.8443379978918187 19
1752067975729 0.8579970259708822 20
1752068038166 0.8635488038866594 21
1752068101543 0.8501842456165588 22
1752068164147 0.8610430933111988 23
1752068227226 0.8655628236576723 24
1752068290620 0.8653371864178769 25
1752068354323 0.873266710467167 26
1752068417130 0.8773694223452093 27
1752068480045 0.8785174765593771 28
1752068543143 0.875835307917564 29
1752068605733 0.8809645871125484 30
1752068668851 0.8821844565519589 31
1752068731604 0.8903156583137202 32
1752068794620 0.8980574500721307 33
1752068857051 0.8985102652940835 34
1752068919590 0.8962865968305129 35
1752068982328 0.8965811965811965 36
1752069045106 0.8956202873749415 37
1752069107638 0.9036103330220976 38
1752069170180 0.9010329353346874 39
1752069233518 0.9151672471168821 40
1752069296139 0.9069216437780171 41
1752069358641 0.9047131487659547 42
1752069421333 0.9189707137393547 43
1752069484497 0.9008645433482034 44
1752069547408 0.9128654970760234 45
1752069610114 0.8981058468466973 46
1752069672969 0.9013854829273151 47
1752069735472 0.9240318939689443 48
1752069798940 0.9104244828030008 49
1752069861391 0.9162595170643177 50
1752069924001 0.9144265697976129 51
1752069986667 0.9166375943638494 52
1752070049067 0.9160609766388561 53
1752070111594 0.9188882188347606 54
1752070174242 0.9128420505116318 55
1752070236926 0.9207136562901603 56
1752070299579 0.922106698659936 57
1752070361951 0.8998976885498337 58
