1752066711167 0.5642411642411642 0
1752066774329 0.6390852390852391 1
1752066837682 0.6536382536382537 2
1752066900876 0.6873180873180873 3
1752066964628 0.676923076923077 4
1752067027746 0.7334719334719335 5
1752067090827 0.745945945945946 6
1752067154028 0.7804573804573804 7
1752067217233 0.777962577962578 8
1752067280709 0.7891891891891892 9
1752067343997 0.7854469854469854 10
1752067406801 0.7920997920997921 11
1752067470030 0.7975051975051975 12
1752067533242 0.8128898128898129 13
1752067596478 0.81995841995842 14
1752067660117 0.8029106029106029 15
1752067723102 0.8241164241164242 16
1752067786536 0.8432432432432433 17
1752067849666 0.8432432432432433 18
1752067912656 0.8440748440748441 19
1752067975729 0.8577962577962578 20
1752068038166 0.8632016632016632 21
1752068101543 0.8503118503118503 22
1752068164147 0.8615384615384616 23
1752068227226 0.8661122661122661 24
1752068290620 0.8648648648648649 25
1752068354323 0.8731808731808732 26
1752068417130 0.8777546777546777 27
1752068480045 0.8785862785862786 28
1752068543143 0.8756756756756757 29
1752068605733 0.8814968814968815 30
1752068668851 0.8823284823284824 31
1752068731604 0.8898128898128899 32
1752068794620 0.8981288981288982 33
1752068857051 0.8981288981288982 34
1752068919590 0.8956340956340957 35
1752068982328 0.8964656964656965 36
1752069045106 0.8956340956340957 37
1752069107638 0.9035343035343035 38
1752069170180 0.9002079002079002 39
1752069233518 0.9151767151767152 40
1752069296139 0.9068607068607069 41
1752069358641 0.9047817047817048 42
1752069421333 0.918918918918919 43
1752069484497 0.901039501039501 44
1752069547408 0.9126819126819127 45
1752069610114 0.8981288981288982 46
1752069672969 0.9014553014553015 47
1752069735472 0.923908523908524 48
1752069798940 0.9106029106029107 49
1752069861391 0.9164241164241165 50
1752069924001 0.913929313929314 51
1752069986667 0.9164241164241165 52
1752070049067 0.916008316008316 53
1752070111594 0.918918918918919 54
1752070174242 0.9130977130977131 55
1752070236926 0.9205821205821206 56
1752070299579 0.9222453222453223 57
1752070361951 0.8997920997920998 58
