1752066711167 0.6885722459931123 0
1752066774329 0.6825494444683978 1
1752066837682 0.6754361649877146 2
1752066900876 0.6679522936281405 3
1752066964628 0.6568808092882759 4
1752067027746 0.64053801643221 5
1752067090827 0.6235817247315457 6
1752067154028 0.5921870619058609 7
1752067217233 0.5663783573790601 8
1752067280709 0.5317106019509467 9
1752067343997 0.5084229570470358 10
1752067406801 0.4806202399103265 11
1752067470030 0.46220623701810837 12
1752067533242 0.43361194235713857 13
1752067596478 0.4157163432162059 14
1752067660117 0.4235734872912106 15
1752067723102 0.3946158819292721 16
1752067786536 0.38406020932291685 17
1752067849666 0.3571293359916461 18
1752067912656 0.3491488255952534 19
1752067975729 0.3358043889073949 20
1752068038166 0.3197495294244666 21
1752068101543 0.3281140807819994 22
1752068164147 0.31466510793880414 23
1752068227226 0.30166550215921906 24
1752068290620 0.3016333938821366 25
1752068354323 0.2983087667901265 26
1752068417130 0.3026861903306685 27
1752068480045 0.2824362985005504 28
1752068543143 0.2797535538281265 29
1752068605733 0.2815370031289364 30
1752068668851 0.27273426204919815 31
1752068731604 0.28933774738719586 32
1752068794620 0.2558243288413474 33
1752068857051 0.2514866910090572 34
1752068919590 0.24645722049631572 35
1752068982328 0.24746611322227277 36
1752069045106 0.24256056939300738 37
1752069107638 0.24705438688397408 38
1752069170180 0.24064043909311295 39
1752069233518 0.21736756300455645 40
1752069296139 0.22145557707469715 41
1752069358641 0.23099232484635554 42
1752069421333 0.20534122441160052 43
1752069484497 0.23507133930137283 44
1752069547408 0.2232388386404828 45
1752069610114 0.23515752928429529 46
1752069672969 0.2372905943346651 47
1752069735472 0.19094810889739738 48
1752069798940 0.22125486774664177 49
1752069861391 0.20095764776985897 50
1752069924001 0.21475090635450264 51
1752069986667 0.21187061581172442 52
1752070049067 0.22916548248184354 53
1752070111594 0.2015890975139643 54
1752070174242 0.2083763225298179 55
1752070236926 0.19192830762384752 56
1752070299579 0.19733272394851634 57
1752070361951 0.2220443980768323 58
