1752066711167 0.6661129568106312 0
1752066774329 0.695829926410466 1
1752066837682 0.5274261603375527 2
1752066900876 0.7425 3
1752066964628 0.499581589958159 4
1752067027746 0.6674816625916871 5
1752067090827 0.7518427518427518 6
1752067154028 0.790893760539629 7
1752067217233 0.7873754152823921 8
1752067280709 0.8127623845507976 9
1752067343997 0.8158995815899581 10
1752067406801 0.8144416456759026 11
1752067470030 0.8253568429890848 12
1752067533242 0.8392709196354599 13
1752067596478 0.8300086730268864 14
1752067660117 0.8458933107535986 15
1752067723102 0.8482362592288761 16
1752067786536 0.8652064026958719 17
1752067849666 0.8728606356968215 18
1752067912656 0.8661616161616161 19
1752067975729 0.8773109243697479 20
1752068038166 0.8904802021903959 21
1752068101543 0.86479802143446 22
1752068164147 0.8950819672131147 23
1752068227226 0.8977923139820114 24
1752068290620 0.8839590443686007 25
1752068354323 0.8870292887029289 26
1752068417130 0.8979591836734694 27
1752068480045 0.9021558872305141 28
1752068543143 0.892527287993283 29
1752068605733 0.9070904645476773 30
1752068668851 0.902559867877787 31
1752068731604 0.9064377682403434 32
1752068794620 0.9171499585749793 33
1752068857051 0.9095607235142119 34
1752068919590 0.9166666666666666 35
1752068982328 0.9008547008547009 36
1752069045106 0.8951890034364262 37
1752069107638 0.9109243697478991 38
1752069170180 0.9210754553339116 39
1752069233518 0.9227574750830565 40
1752069296139 0.9232053422370617 41
1752069358641 0.9197019867549668 42
1752069421333 0.9262981574539364 43
1752069484497 0.9176954732510288 44
1752069547408 0.9196581196581196 45
1752069610114 0.8930659983291562 46
1752069672969 0.9253731343283582 47
1752069735472 0.9396479463537301 48
1752069798940 0.9179528838342811 49
1752069861391 0.930921052631579 50
1752069924001 0.9361702127659575 51
1752069986667 0.9236706689536878 52
1752070049067 0.9198988195615514 53
1752070111594 0.9270919635459818 54
1752070174242 0.9326765188834154 55
1752070236926 0.9309182813816343 56
1752070299579 0.9283970707892596 57
1752070361951 0.9060913705583756 58
