1751915583634 9.9001e-05 0
1751916492919 9.800199999999999e-05 1
1751917403245 9.700299999999998e-05 2
1751918311802 9.600399999999998e-05 3
1751919223173 9.500499999999998e-05 4
1751920131673 9.400599999999998e-05 5
1751921040204 9.300699999999999e-05 6
1751921948640 9.200799999999999e-05 7
1751922855864 9.1009e-05 8
1751923764673 9.000999999999999e-05 9
1751924671511 8.901099999999999e-05 10
1751925579503 8.801199999999998e-05 11
1751926486977 8.701299999999999e-05 12
1751927394155 8.6014e-05 13
1751928302463 8.5015e-05 14
1751929210684 8.401599999999999e-05 15
1751930118716 8.3017e-05 16
1751931026082 8.201799999999999e-05 17
