1751915583634 0.923992186112591 0
1751916492919 0.9606261257832914 1
1751917403245 0.9738945125199787 2
1751918311802 0.9808711977065733 3
1751919223173 0.9845244437679174 4
1751920131673 0.987365857371185 5
1751921040204 0.9889387827587082 6
1751921948640 0.9903848593246569 7
1751922855864 0.9912728010756781 8
1751923764673 0.9919324149478651 9
1751924671511 0.9919324149478651 10
1751925579503 0.9925666590557374 11
1751926486977 0.9925666590557374 12
1751927394155 0.9939873658573711 13
1751928302463 0.9939366263287414 14
1751929210684 0.9941395844432606 15
1751930118716 0.9946723494938732 16
1751931026082 0.9946216099652434 17
