1751915583634 0.9241419675281854 0
1751916492919 0.9606810496119389 1
1751917403245 0.9739014692614284 2
1751918311802 0.9808662534129193 3
1751919223173 0.984538516615339 4
1751920131673 0.987357623210822 5
1751921040204 0.9889251552592155 6
1751921948640 0.9904093392474822 7
1751922855864 0.9912655321129007 8
1751923764673 0.9919352032918439 9
1751924671511 0.9919223556975948 10
1751925579503 0.9925963430168975 11
1751926486977 0.9926065502122239 12
1751927394155 0.9939937387771562 13
1751928302463 0.9939391428397143 14
1751929210684 0.9941467573402766 15
1751930118716 0.994667536860552 16
1751931026082 0.9946294213272258 17
