1751915583634 0.8834254143646408 0
1751916492919 0.9403297184262996 1
1751917403245 0.9636842366734563 2
1751918311802 0.9740577826652005 3
1751919223173 0.9794572277327426 4
1751920131673 0.982595174800622 5
1751921040204 0.9848538041025127 6
1751921948640 0.9868581286787091 7
1751922855864 0.9876841099884381 8
1751923764673 0.9884535874552514 9
1751924671511 0.9882967502134713 10
1751925579503 0.9890718715055403 11
1751926486977 0.988990264539477 12
1751927394155 0.9910529242278724 13
1751928302463 0.9905693680972313 14
1751929210684 0.9910542808046093 15
1751930118716 0.9919903279431767 16
1751931026082 0.9917547675653802 17
