1751915583634 0.9275838731509233 0
1751916492919 0.9614160700079555 1
1751917403245 0.9741619585687382 2
1751918311802 0.981020942408377 3
1751919223173 0.9845632149002935 4
1751920131673 0.9874489641615001 5
1751921040204 0.9890203978846638 6
1751921948640 0.9903505868574484 7
1751922855864 0.9913218970736629 8
1751923764673 0.9919546627536305 9
1751924671511 0.991983866901941 10
1751925579503 0.9925276070490424 11
1751926486977 0.99250620220466 12
1751927394155 0.9939922431493827 13
1751928302463 0.9939528881916858 14
1751929210684 0.994144338259525 15
1751930118716 0.9946961660857706 16
1751931026082 0.994622564935065 17
