1751915583634 0.9763891715855892 0
1751916492919 0.983469813336046 1
1751917403245 0.9848700243704306 2
1751918311802 0.9880843727816652 3
1751919223173 0.9897227168659374 4
1751920131673 0.9923509447343093 5
1751921040204 0.9932223964392292 6
1751921948640 0.9938678522152384 7
1751922855864 0.9949865802400365 8
1751923764673 0.9954806276341848 9
1751924671511 0.9956985982490765 10
1751925579503 0.9960075753698111 11
1751926486977 0.996047227926078 12
1751927394155 0.9969490491203091 13
1751928302463 0.9973596019092109 14
1751929210684 0.9972537252708132 15
1751930118716 0.9974168059565416 16
1751931026082 0.9975069956754007 17
