1751915583634 0.2943125937750877 0
1751916492919 0.11166580574051779 1
1751917403245 0.07460493341998452 2
1751918311802 0.05658606673982418 3
1751919223173 0.04621344219077554 4
1751920131673 0.040334866199621254 5
1751921040204 0.03487014705865181 6
1751921948640 0.03108574009376469 7
1751922855864 0.02895315296171413 8
1751923764673 0.026699737494874917 9
1751924671511 0.027483735948573503 10
1751925579503 0.02555365603913813 11
1751926486977 0.025193048412459916 12
1751927394155 0.020741138912050594 13
1751928302463 0.020818503543582605 14
1751929210684 0.020026255696854144 15
1751930118716 0.02032824052917199 16
1751931026082 0.018062799912017494 17
