1741253589479 3.9200800000000006e-05 0
1741253690112 3.840160000000001e-05 1
1741253790329 3.760240000000001e-05 2
1741253890680 3.680320000000001e-05 3
1741253991106 3.600400000000001e-05 4
1741254091426 3.5204800000000006e-05 5
1741254191980 3.44056e-05 6
1741254292048 3.36064e-05 7
1741254392034 3.28072e-05 8
1741254492346 3.2008e-05 9
1741254592486 3.12088e-05 10
1741254693050 3.0409599999999998e-05 11
1741254793602 2.96104e-05 12
1741254893786 2.88112e-05 13
1741254994174 2.8012000000000002e-05 14
1741255094700 2.72128e-05 15
1741255194807 2.64136e-05 16
1741255295051 2.56144e-05 17
1741255395225 2.48152e-05 18
1741255495424 2.4016e-05 19
1741255595663 2.3216799999999998e-05 20
1741255695891 2.2417599999999997e-05 21
1741255796143 2.1618399999999996e-05 22
1741255896305 2.0819199999999995e-05 23
1741255996505 2.0019999999999995e-05 24
1741256097065 1.9220799999999994e-05 25
1741256197266 1.8421599999999993e-05 26
1741256297461 1.7622399999999992e-05 27
1741256397541 1.682319999999999e-05 28
1741256497696 1.602399999999999e-05 29
1741256597923 1.522479999999999e-05 30
1741256697950 1.4425599999999991e-05 31
1741256798236 1.362639999999999e-05 32
1741256898473 1.2827199999999991e-05 33
1741256998673 1.2027999999999992e-05 34
