1741253589479 0.5530602034576686 0
1741253690112 0.6925899160598143 1
1741253790329 0.7723052976819167 2
1741253890680 0.816165434432153 3
1741253991106 0.8570237367280005 4
1741254091426 0.8785924731780532 5
1741254191980 0.8933236978153316 6
1741254292048 0.9087219967758075 7
1741254392034 0.9165601200733782 8
1741254492346 0.9244538328978821 9
1741254592486 0.9318472399799878 10
1741254693050 0.9326254933570516 11
1741254793602 0.9391294680082273 12
1741254893786 0.9402968480738229 13
1741254994174 0.9431875034743454 14
1741255094700 0.9453554950247374 15
1741255194807 0.9463005169826004 16
1741255295051 0.9464672855633999 17
1741255395225 0.9489688142753905 18
1741255495424 0.9510256267719162 19
1741255595663 0.9531936183223081 20
1741255695891 0.9548057146033687 21
1741255796143 0.9560286841958975 22
1741255896305 0.9564734004113625 23
1741255996505 0.9594752348657513 24
1741256097065 0.9588637500694869 25
1741256197266 0.9590861081772194 26
1741256297461 0.9591416977041526 27
1741256397541 0.9588081605425538 28
1741256497696 0.9611429206737451 29
1741256597923 0.9608093835121463 30
1741256697950 0.9614764578353439 31
1741256798236 0.9655900828283951 32
1741256898473 0.959753182500417 33
1741256998673 0.9621435321585413 34
