1741253589479 0.559696342305038 0
1741253690112 0.6977922955620636 1
1741253790329 0.78779716594449 2
1741253890680 0.8468381822553498 3
1741253991106 0.8771646271069037 4
1741254091426 0.8909817351598174 5
1741254191980 0.89900923215492 6
1741254292048 0.9134271671134941 7
1741254392034 0.9203935599284436 8
1741254492346 0.9260004471272076 9
1741254592486 0.9335286164939162 10
1741254693050 0.9332664884135472 11
1741254793602 0.9396800710953122 12
1741254893786 0.9382853330368064 13
1741254994174 0.9410718256615521 14
1741255094700 0.9430632630410655 15
1741255194807 0.9444813094448131 16
1741255295051 0.9440152278580226 17
1741255395225 0.9475147336817524 18
1741255495424 0.9505758693950576 19
1741255595663 0.9542257452271966 20
1741255695891 0.9533610685351435 21
1741255796143 0.9531145344943067 22
1741255896305 0.9550498823001906 23
1741255996505 0.9594699922057678 24
1741256097065 0.9585030269675289 25
1741256197266 0.9554238032498902 26
1741256297461 0.9571106094808126 27
1741256397541 0.9538826720922347 28
1741256497696 0.9615902964959568 29
1741256597923 0.9592654424040067 30
1741256697950 0.9597069597069597 31
1741256798236 0.9627405182960739 32
1741256898473 0.9573996006212558 33
1741256998673 0.9611801242236024 34
