1741253589479 0.5520976346290446 0
1741253690112 0.6926294890451614 1
1741253790329 0.7723526644830694 2
1741253890680 0.8165370002189526 3
1741253991106 0.8573077753183459 4
1741254091426 0.8786570233402025 5
1741254191980 0.8933331486628934 6
1741254292048 0.9087473785077563 7
1741254392034 0.9165720069762882 8
1741254492346 0.9244507424693496 9
1741254592486 0.9318221987714711 10
1741254693050 0.9326250871280841 11
1741254793602 0.9391301809557829 12
1741254893786 0.9403041539476129 13
1741254994174 0.9431955046275413 14
1741255094700 0.9453622925924824 15
1741255194807 0.9462982259538641 16
1741255295051 0.9464835859842383 17
1741255395225 0.9489727562603806 18
1741255495424 0.9510248391617796 19
1741255595663 0.9531913718024261 20
1741255695891 0.9547758444611776 21
1741255796143 0.9560506056588818 22
1741255896305 0.9564796596528868 23
1741255996505 0.959475079342159 24
1741256097065 0.9588541544466347 25
1741256197266 0.9590677825647249 26
1741256297461 0.9591534973655216 27
1741256397541 0.9588861367659564 28
1741256497696 0.9611331828425697 29
1741256597923 0.9608148289997324 30
1741256697950 0.9614800680063439 31
1741256798236 0.9656059984627569 32
1741256898473 0.9597595463954888 33
1741256998673 0.9621432356653483 34
