1741253589479 0.4553621560920831 0
1741253690112 0.6851360318513603 1
1741253790329 0.7465320164243702 2
1741253890680 0.7760273218023576 3
1741253991106 0.8343949044585988 4
1741254091426 0.8639583794553908 5
1741254191980 0.8865326967913845 6
1741254292048 0.9041353383458647 7
1741254392034 0.9125374127036914 8
1741254492346 0.9223917158445607 9
1741254592486 0.9287155346334902 10
1741254693050 0.9318131256952169 11
1741254793602 0.9387415381200754 12
1741254893786 0.9420564921290611 13
1741254994174 0.945064761054042 14
1741255094700 0.9475855916136947 15
1741255194807 0.9484673478454021 16
1741255295051 0.9479424331009669 17
1741255395225 0.9502620720419315 18
1741255495424 0.9508948545861298 19
1741255595663 0.9518877380554628 20
1741255695891 0.9574491478834525 21
1741255796143 0.9583567179256931 22
1741255896305 0.9570882947652213 23
1741255996505 0.9593631707860165 24
1741256097065 0.9599823613714034 25
1741256197266 0.9634632418069088 26
1741256297461 0.9598189020939445 27
1741256397541 0.9620383036935705 28
1741256497696 0.9599730911537168 29
1741256597923 0.9621567314132619 30
1741256697950 0.9632352941176471 31
1741256798236 0.9682326621923938 32
1741256898473 0.9620958751393534 33
1741256998673 0.9632099588751806 34
