1741253589479 0.688999106998342 0
1741253690112 0.6669553277971054 1
1741253790329 0.6295525861464004 2
1741253890680 0.5557318533610281 3
1741253991106 0.4363197169761251 4
1741254091426 0.33828407126358095 5
1741254191980 0.2817141429172104 6
1741254292048 0.24918189165753116 7
1741254392034 0.220157700086254 8
1741254492346 0.2027155733195863 9
1741254592486 0.18137698692019838 10
1741254693050 0.18013766377529072 11
1741254793602 0.1609671947944969 12
1741254893786 0.15830215662850156 13
1741254994174 0.15064939821790738 14
1741255094700 0.14304383274756677 15
1741255194807 0.1408872565363747 16
1741255295051 0.13861826262362367 17
1741255395225 0.13393604642584206 18
1741255495424 0.12870408612142978 19
1741255595663 0.12399120392281145 20
1741255695891 0.11818427744041964 21
1741255796143 0.116817402567377 22
1741255896305 0.1164666179147405 23
1741255996505 0.11026410329061334 24
1741256097065 0.10758080454890617 25
1741256197266 0.10990608289844454 26
1741256297461 0.106145578239702 27
1741256397541 0.10692343917107922 28
1741256497696 0.10177393697638919 29
1741256597923 0.10412502487324059 30
1741256697950 0.10093274356575672 31
1741256798236 0.09208046946985578 32
1741256898473 0.1014456594524968 33
1741256998673 0.10026932984828738 34
