1741253589479 0.5021671826625387 0
1741253690112 0.69140625 1
1741253790329 0.7666096866096866 2
1741253890680 0.8098878988215005 3
1741253991106 0.855245384961729 4
1741254091426 0.8772619984264359 5
1741254191980 0.8927273743641344 6
1741254292048 0.9087575016670372 7
1741254392034 0.9164486501530754 8
1741254492346 0.9241925587103252 9
1741254592486 0.9311158557141251 10
1741254693050 0.9325392407881554 11
1741254793602 0.9392105701437851 12
1741254893786 0.9401671309192201 13
1741254994174 0.9430640668523677 14
1741255094700 0.9453190187461756 15
1741255194807 0.9464701318851824 16
1741255295051 0.9459747545582048 17
1741255395225 0.9488864142538975 18
1741255495424 0.9507353352345803 19
1741255595663 0.9530553077609277 20
1741255695891 0.9554007350924352 21
1741255796143 0.9557284379022779 22
1741255896305 0.956068002019862 23
1741255996505 0.9594165785225185 24
1741256097065 0.9592421238158184 25
1741256197266 0.9594266813671445 26
1741256297461 0.9584628426109071 27
1741256397541 0.9579431295760259 28
1741256497696 0.9607810132974247 29
1741256597923 0.960708911553252 30
1741256697950 0.9614678899082569 31
1741256798236 0.9654787797668841 32
1741256898473 0.9597419928825622 33
1741256998673 0.9621939710209293 34
