1752074024183 9.901e-05 0
1752074088142 9.802e-05 1
1752074152614 9.703e-05 2
1752074217085 9.604e-05 3
1752074281706 9.504999999999999e-05 4
1752074346397 9.405999999999999e-05 5
1752074410951 9.306999999999999e-05 6
1752074475411 9.207999999999999e-05 7
1752074539714 9.108999999999998e-05 8
1752074604098 9.009999999999998e-05 9
1752074668806 8.910999999999998e-05 10
1752074732807 8.811999999999998e-05 11
1752074797357 8.712999999999997e-05 12
1752074861791 8.613999999999997e-05 13
1752074926329 8.514999999999998e-05 14
1752074990980 8.415999999999998e-05 15
1752075055312 8.316999999999998e-05 16
1752075119915 8.217999999999998e-05 17
1752075184438 8.118999999999997e-05 18
1752075248783 8.019999999999997e-05 19
1752075313017 7.920999999999997e-05 20
1752075377421 7.821999999999997e-05 21
1752075442382 7.722999999999996e-05 22
1752075506362 7.623999999999996e-05 23
1752075570377 7.524999999999996e-05 24
1752075634169 7.425999999999996e-05 25
1752075698450 7.326999999999995e-05 26
1752075762125 7.227999999999995e-05 27
1752075825863 7.128999999999995e-05 28
1752075890013 7.029999999999995e-05 29
1752075954022 6.930999999999994e-05 30
1752076018246 6.831999999999994e-05 31
1752076081975 6.732999999999995e-05 32
1752076145930 6.633999999999995e-05 33
1752076209776 6.534999999999995e-05 34
1752076273525 6.435999999999995e-05 35
