1752074024183 0.5906158357771261 0
1752074088142 0.7068965517241379 1
1752074152614 0.77491961414791 2
1752074217085 0.7363945578231292 3
1752074281706 0.761437908496732 4
1752074346397 0.799209486166008 5
1752074410951 0.8106603023070803 6
1752074475411 0.8126934984520123 7
1752074539714 0.8183873398643556 8
1752074604098 0.7976878612716763 9
1752074668806 0.8298969072164949 10
1752074732807 0.8233618233618234 11
1752074797357 0.8174486803519062 12
1752074861791 0.8245083207261724 13
1752074926329 0.8460977388767323 14
1752074990980 0.8661181750186986 15
1752075055312 0.8545716342692584 16
1752075119915 0.8707991038088125 17
1752075184438 0.8883018867924528 18
1752075248783 0.8814589665653495 19
1752075313017 0.8720760233918129 20
1752075377421 0.8805860805860806 21
1752075442382 0.8708708708708709 22
1752075506362 0.8894776684330054 23
1752075570377 0.8899628252788104 24
1752075634169 0.8989090909090909 25
1752075698450 0.883480825958702 26
1752075762125 0.9097472924187726 27
1752075825863 0.8836174944403261 28
1752075890013 0.90625 29
1752075954022 0.9005891016200295 30
1752076018246 0.908955223880597 31
1752076081975 0.8944610778443114 32
1752076145930 0.9015267175572519 33
1752076209776 0.9069423929098966 34
1752076273525 0.8977099236641222 35
