1752074024183 0.6849895183529172 0
1752074088142 0.6724133392175039 1
1752074152614 0.6564707827000391 2
1752074217085 0.6364601360900062 3
1752074281706 0.612279705348469 4
1752074346397 0.5718164415586562 5
1752074410951 0.5311996255602155 6
1752074475411 0.49273255715767544 7
1752074539714 0.4507094440715654 8
1752074604098 0.4406810317720686 9
1752074668806 0.3936008083678427 10
1752074732807 0.38412403173389886 11
1752074797357 0.37447493239527657 12
1752074861791 0.35926680107201847 13
1752074926329 0.3341294097758475 14
1752074990980 0.31917539505021914 15
1752075055312 0.30514942340198015 16
1752075119915 0.2911617353203751 17
1752075184438 0.2781745910289742 18
1752075248783 0.26449266022869516 19
1752075313017 0.2771631399435656 20
1752075377421 0.2636606443141188 21
1752075442382 0.26648974924215246 22
1752075506362 0.2589467808249451 23
1752075570377 0.24988196311252459 24
1752075634169 0.2408659907856158 25
1752075698450 0.2442353359822716 26
1752075762125 0.2382872717543727 27
1752075825863 0.2367028876074723 28
1752075890013 0.22096897005325272 29
1752075954022 0.21973907291179612 30
1752076018246 0.2043953746379841 31
1752076081975 0.22211217569808164 32
1752076145930 0.21153667533681506 33
1752076209776 0.21930584072002343 34
1752076273525 0.2049601176487548 35
