1752074024183 0.6162485960314489 0
1752074088142 0.6858854361662299 1
1752074152614 0.6986147510295769 2
1752074217085 0.7109696742792961 3
1752074281706 0.7379258704605017 4
1752074346397 0.7753650318232872 5
1752074410951 0.7892175215275178 6
1752074475411 0.804193186072632 7
1752074539714 0.814301759640584 8
1752074604098 0.8113066267315612 9
1752074668806 0.8378884312991389 10
1752074732807 0.8281542493448146 11
1752074797357 0.8356420816173717 12
1752074861791 0.8386372145263946 13
1752074926329 0.8554848371396481 14
1752074990980 0.8648446274803444 15
1752075055312 0.8637214526394609 16
1752075119915 0.8779483339573193 17
1752075184438 0.8858105578435043 18
1752075248783 0.889180082366155 19
1752075313017 0.8764507675028079 20
1752075377421 0.8805690752527143 21
1752075442382 0.8757019842755522 22
1752075506362 0.8925496068888057 23
1752075570377 0.8940471733433171 24
1752075634169 0.8970423062523399 25
1752075698450 0.8947959565705729 26
1752075762125 0.9015350056158742 27
1752075825863 0.8977910894795956 28
1752075890013 0.9105204043429427 29
1752075954022 0.9082740546611756 30
1752076018246 0.917633845001872 31
1752076081975 0.9034069636840135 32
1752076145930 0.9146387120928491 33
1752076209776 0.904530138524897 34
1752076273525 0.9116435791838263 35
