1752074024183 0.6164041203033487 0
1752074088142 0.6861383546098019 1
1752074152614 0.6966738894178843 2
1752074217085 0.7106409629583114 3
1752074281706 0.7380692330982204 4
1752074346397 0.7758614501278113 5
1752074410951 0.789416301090896 6
1752074475411 0.8041417630106417 7
1752074539714 0.8143201964643152 8
1752074604098 0.8114184212651052 9
1752074668806 0.837937436011299 10
1752074732807 0.8277316769963333 11
1752074797357 0.8360610446362958 12
1752074861791 0.8388720544201801 13
1752074926329 0.8554898629706877 14
1752074990980 0.8648468775581147 15
1752075055312 0.8635561277530619 16
1752075119915 0.878022226359399 17
1752075184438 0.8858066292209168 18
1752075248783 0.8892610671604106 19
1752075313017 0.8763698522600599 20
1752075377421 0.880491000272566 21
1752075442382 0.8757373886907566 22
1752075506362 0.8925540326831839 23
1752075570377 0.894059201098036 24
1752075634169 0.896934623403964 25
1752075698450 0.8949258418145625 26
1752075762125 0.9015471546716385 27
1752075825863 0.898063948701035 28
1752075890013 0.9105335936229054 29
1752075954022 0.9082912544279568 30
1752076018246 0.9177475072623067 31
1752076081975 0.9035352056749044 32
1752076145930 0.9149586066678649 33
1752076209776 0.9045234754343283 34
1752076273525 0.9119962657014111 35
