1752074024183 0.7548725637181409 0
1752074088142 0.6411020104244229 1
1752074152614 0.5485584218512898 2
1752074217085 0.6521084337349398 3
1752074281706 0.6955223880597015 4
1752074346397 0.7450257921886514 5
1752074410951 0.7581845238095238 6
1752074475411 0.7888805409466566 7
1752074539714 0.8098434004474273 8
1752074604098 0.8313253012048193 9
1752074668806 0.8480060195635817 10
1752074732807 0.8456474030724214 11
1752074797357 0.8544061302681992 12
1752074861791 0.8456167571761055 13
1752074926329 0.8689138576779026 14
1752074990980 0.8641791044776119 15
1752075055312 0.8799110452186805 16
1752075119915 0.8840030326004549 17
1752075184438 0.8823088455772113 18
1752075248783 0.8923076923076924 19
1752075313017 0.8850148367952523 20
1752075377421 0.8851251840942562 21
1752075442382 0.8787878787878788 22
1752075506362 0.8928571428571429 23
1752075570377 0.8986486486486487 24
1752075634169 0.9008746355685131 25
1752075698450 0.906888720666162 26
1752075762125 0.9012875536480687 27
1752075825863 0.9113149847094801 28
1752075890013 0.9111111111111111 29
1752075954022 0.9174793698424606 30
1752076018246 0.925531914893617 31
1752076081975 0.9108231707317073 32
1752076145930 0.92265625 33
1752076209776 0.9049373618275608 34
1752076273525 0.92018779342723 35
