1752074024183 0.6627179993418888 0
1752074088142 0.6723935962514642 1
1752074152614 0.6423811639271435 2
1752074217085 0.6916932907348243 3
1752074281706 0.7269890795631825 4
1752074346397 0.7711670480549199 5
1752074410951 0.7835447904652056 6
1752074475411 0.8006099885627145 7
1752074539714 0.8140929535232384 8
1752074604098 0.8141592920353983 9
1752074668806 0.8388537402307406 10
1752074732807 0.8343558282208589 11
1752074797357 0.8355189209441738 12
1752074861791 0.834929145921103 13
1752074926329 0.8573540280857354 14
1752074990980 0.8651475532312289 15
1752075055312 0.8670562454346238 16
1752075119915 0.8773513920240783 17
1752075184438 0.8852952237683339 18
1752075248783 0.8868501529051988 19
1752075313017 0.8784977908689249 20
1752075377421 0.8828497980168931 21
1752075442382 0.8748114630467572 22
1752075506362 0.8911642017444065 23
1752075570377 0.8942846469929026 24
1752075634169 0.8998907899526757 25
1752075698450 0.8950317519611506 26
1752075762125 0.905497664390945 27
1752075825863 0.8972525404591645 28
1752075890013 0.9086740542606038 29
1752075954022 0.908955778520996 30
1752076018246 0.9171686746987951 31
1752076081975 0.9025679758308157 32
1752076145930 0.911969111969112 33
1752076209776 0.9059387679822943 34
1752076273525 0.9088098918083463 35
