1741246776482 0.5726961307351042 0
1741246876344 0.7214578536530578 1
1741246976246 0.7867130903577245 2
1741247075935 0.8301229853428427 3
1741247175661 0.8580895153591285 4
1741247275561 0.8852136800134779 5
1741247375460 0.896389060481833 6
1741247475053 0.9112146908519122 7
1741247574986 0.9164373560959174 8
1741247675002 0.9271073173471107 9
1741247775082 0.9318807210647498 10
1741247874850 0.933677767170214 11
1741247974692 0.936654124782389 12
1741248074414 0.9410344246644577 13
1741248174109 0.948784185994272 14
1741248274265 0.946930982198012 15
1741248373910 0.9526029089683832 16
1741248473436 0.9493457629022295 17
1741248573027 0.9543999550738473 18
1741248673005 0.9559162127253328 19
1741248772688 0.9607457741337676 20
1741248872407 0.9563654742516988 21
1741248972022 0.96018419722581 22
1741249071909 0.9579378895939799 23
1741249171449 0.9605773010613804 24
1741249270989 0.961588139495704 25
1741249370706 0.9624305048576403 26
1741249470405 0.961363508732521 27
1741249570234 0.9647329701802662 28
1741249669847 0.9646206547986746 29
1741249769480 0.9637221317459426 30
1741249868954 0.9677093277924411 31
1741249968445 0.9640029201999214 32
1741250068129 0.9666423316673218 33
1741250167724 0.9696186892794968 34
1741250267254 0.9677093277924411 35
1741250366788 0.9680462739372157 36
1741250466447 0.9679339585556241 37
