1741246776482 0.5565592400489539 0
1741246876344 0.6845185090955349 1
1741246976246 0.7747063708624985 2
1741247075935 0.8225494221857218 3
1741247175661 0.8532094103979088 4
1741247275561 0.8834131873146247 5
1741247375460 0.8972659947658556 6
1741247475053 0.9109245591300918 7
1741247574986 0.9164326631472537 8
1741247675002 0.9274292742927429 9
1741247775082 0.932823835631611 10
1741247874850 0.9337521736691535 11
1741247974692 0.9376244193762442 12
1741248074414 0.9406645569620253 13
1741248174109 0.9485791610284168 14
1741248274265 0.946552796787512 15
1741248373910 0.9530641752863975 16
1741248473436 0.9496314496314496 17
1741248573027 0.9543666404405979 18
1741248673005 0.955831879817701 19
1741248772688 0.9608381421928399 20
1741248872407 0.9565897536175205 21
1741248972022 0.9605387655145544 22
1741249071909 0.9582427384735464 23
1741249171449 0.9603658536585366 24
1741249270989 0.9617192746809939 25
1741249370706 0.9620425531914893 26
1741249470405 0.9613091890675964 27
1741249570234 0.9648454993282579 28
1741249669847 0.964406779661017 29
1741249769480 0.9636138335023093 30
1741249868954 0.9677672515275519 31
1741249968445 0.9639705469057389 32
1741250068129 0.9664672010838885 33
1741250167724 0.9698590450721488 34
1741250267254 0.9678788894475169 35
1741250366788 0.968078541374474 36
1741250466447 0.9681699091365182 37
