1741246776482 0.5726500835475952 0
1741246876344 0.7207196417156844 1
1741246976246 0.7867220912321086 2
1741247075935 0.8301205911592436 3
1741247175661 0.8579503705955908 4
1741247275561 0.8851867454949985 5
1741247375460 0.8964056190972337 6
1741247475053 0.9112145729376022 7
1741247574986 0.9164376711143499 8
1741247675002 0.9271104116821058 9
1741247775082 0.9318327452275827 10
1741247874850 0.9336853029822979 11
1741247974692 0.9365923956537205 12
1741248074414 0.9411202955430436 13
1741248174109 0.9488084915637071 14
1741248274265 0.9469783851386309 15
1741248373910 0.952577797137627 16
1741248473436 0.9493373918945488 17
1741248573027 0.9544242989399768 18
1741248673005 0.9559361361523958 19
1741248772688 0.9607515592175964 20
1741248872407 0.9563585689757026 21
1741248972022 0.9601637971012948 22
1741249071909 0.9579245020150706 23
1741249171449 0.9606305976171134 24
1741249270989 0.9615867323204806 25
1741249370706 0.9624957519613276 26
1741249470405 0.9613805074009277 27
1741249570234 0.9647305369415625 28
1741249669847 0.9646519090480816 29
1741249769480 0.9637400232236065 30
1741249868954 0.967709771814678 31
1741249968445 0.9640299769167674 32
1741250068129 0.966644463972723 33
1741250167724 0.969603259190252 34
1741250267254 0.9677022234248348 35
1741250366788 0.9680525537589137 36
1741250466447 0.9679208461365538 37
