1741246776482 0.5369995501574449 0
1741246876344 0.6083663086489542 1
1741246976246 0.7332959011791128 2
1741247075935 0.7874873638099517 3
1741247175661 0.828800361133055 4
1741247275561 0.8714832320504163 5
1741247375460 0.8949239142508053 6
1741247475053 0.9111812443642922 7
1741247574986 0.9169476286806024 8
1741247675002 0.932119577433131 9
1741247775082 0.9367144922700478 10
1741247874850 0.9369582348305753 11
1741247974692 0.9427332369620817 12
1741248074414 0.9475182149362478 13
1741248174109 0.9520144861928475 14
1741248274265 0.9510171610410274 15
1741248373910 0.9579653437674679 16
1741248473436 0.9518638755177432 17
1741248573027 0.9588932806324111 18
1741248673005 0.959448774426748 19
1741248772688 0.9645669291338582 20
1741248872407 0.9586786114221725 21
1741248972022 0.9654285074960841 22
1741249071909 0.9608676207513417 23
1741249171449 0.965599455040872 24
1741249270989 0.9620423244877393 25
1741249370706 0.9668149161820048 26
1741249470405 0.964781578056214 27
1741249570234 0.9667938074938299 28
1741249669847 0.9679065547743252 29
1741249769480 0.966662899762685 30
1741249868954 0.967496077112755 31
1741249968445 0.9687076366922729 32
1741250068129 0.9670131043831902 33
1741250167724 0.9726226394010504 34
1741250267254 0.9706442577030813 35
1741250366788 0.9710748452447946 36
1741250466447 0.9706046719570806 37
