1741246776482 0.6864452670249733 0
1741246876344 0.6621104688575923 1
1741246976246 0.6199753991791334 2
1741247075935 0.5380696303326523 3
1741247175661 0.4237806295952634 4
1741247275561 0.3271916161694261 5
1741247375460 0.27545765777999665 6
1741247475053 0.23461406664585083 7
1741247574986 0.2145822654533429 8
1741247675002 0.19156787808670175 9
1741247775082 0.17556185503381588 10
1741247874850 0.1681358878579345 11
1741247974692 0.15834182528929394 12
1741248074414 0.14949076474247971 13
1741248174109 0.13554014176585089 14
1741248274265 0.13660300136134162 15
1741248373910 0.12582367655939858 16
1741248473436 0.12822764162542682 17
1741248573027 0.12065816629524184 18
1741248673005 0.11609530614444875 19
1741248772688 0.10852913227587724 20
1741248872407 0.1128994989855954 21
1741248972022 0.10726394804438687 22
1741249071909 0.1073273118180716 23
1741249171449 0.10831793048210055 24
1741249270989 0.10295586466214066 25
1741249370706 0.09894758619826213 26
1741249470405 0.10009787275992615 27
1741249570234 0.0932405586178871 28
1741249669847 0.0936153542260427 29
1741249769480 0.09533829078633385 30
1741249868954 0.08784622661568746 31
1741249968445 0.09130407831693466 32
1741250068129 0.08914908574462686 33
1741250167724 0.08420952069414261 34
1741250267254 0.08510902635184664 35
1741250366788 0.08398285744832143 36
1741250466447 0.08562909766172244 37
