1741246776482 0.5775976775130035 0
1741246876344 0.7824632834084629 1
1741246976246 0.8210738086256758 2
1741247075935 0.8608791748526523 3
1741247175661 0.8790998324156093 4
1741247275561 0.8956743002544529 5
1741247375460 0.8996203662349264 6
1741247475053 0.9106680184747099 7
1741247574986 0.9159182757072295 8
1741247675002 0.9227859368046284 9
1741247775082 0.928965365100375 10
1741247874850 0.9305679785330948 11
1741247974692 0.932570674293257 12
1741248074414 0.9339093357271095 13
1741248174109 0.9451685393258427 14
1741248274265 0.9421301508669219 15
1741248373910 0.9482129025118955 16
1741248473436 0.9474094707520891 17
1741248573027 0.9498825371965545 18
1741248673005 0.9522421524663677 19
1741248772688 0.957138073445697 20
1741248872407 0.9545099788159215 21
1741248972022 0.9556983054601839 22
1741249071909 0.9556321583453797 23
1741249171449 0.9551886792452831 24
1741249270989 0.9613964417589795 25
1741249370706 0.9573170731707317 26
1741249470405 0.9578617057043595 27
1741249570234 0.9629050279329608 28
1741249669847 0.9609322224724162 29
1741249769480 0.9605839416058394 30
1741249868954 0.9680385779970843 31
1741249968445 0.9592795614722005 32
1741250068129 0.9659219137892123 33
1741250167724 0.9671111111111111 34
1741250267254 0.9651292335115864 35
1741250366788 0.9651006711409396 36
1741250466447 0.9657473309608541 37
