1751858009175 9.9001e-05 0
1751859061662 9.800199999999999e-05 1
1751860131730 9.700299999999998e-05 2
1751861196295 9.600399999999998e-05 3
1751862980212 9.500499999999998e-05 4
1751864043046 9.400599999999998e-05 5
1751865113292 9.300699999999999e-05 6
1751866182367 9.200799999999999e-05 7
1751867243879 9.1009e-05 8
1751868305814 9.000999999999999e-05 9
1751869376123 8.901099999999999e-05 10
1751870447475 8.801199999999998e-05 11
1751871524460 8.701299999999999e-05 12
1751872593126 8.6014e-05 13
1751873664501 8.5015e-05 14
1751874729873 8.401599999999999e-05 15
1751875803791 8.3017e-05 16
1751876871761 8.201799999999999e-05 17
1751877944490 8.101899999999999e-05 18
1751879006555 8.001999999999998e-05 19
1751880071942 7.902099999999999e-05 20
1751881147588 7.802199999999999e-05 21
1751882217169 7.7023e-05 22
1751883284308 7.602399999999999e-05 23
1751884354650 7.5025e-05 24
1751885411787 7.4026e-05 25
1751886472976 7.302699999999999e-05 26
1751887537183 7.2028e-05 27
1751888596226 7.102899999999999e-05 28
1751889662911 7.002999999999998e-05 29
1751890727880 6.903099999999998e-05 30
1751891798275 6.803199999999997e-05 31
1751892859076 6.703299999999997e-05 32
