1751858009175 0.9773926899711184 0
1751859061662 0.9890618008253369 1
1751860131730 0.9878145432930454 2
1751861196295 0.989249987557856 3
1751862980212 0.9901284785951684 4
1751864043046 0.9923198890100089 5
1751865113292 0.9937992955999801 6
1751866182367 0.9940038974666466 7
1751867243879 0.9948430604452819 8
1751868305814 0.9951449095863265 9
1751869376123 0.9954506823976403 10
1751870447475 0.996261589073871 11
1751871524460 0.9968413136124342 12
1751872593126 0.996819243576363 13
1751873664501 0.9974245951166362 14
1751874729873 0.9973533083645443 15
1751875803791 0.9974746224312949 16
1751876871761 0.9974130640266653 17
1751877944490 0.996908347461853 18
1751879006555 0.9975558488536931 19
1751880071942 0.9980119284294234 20
1751881147588 0.997808437515565 21
1751882217169 0.9976150253403557 22
1751883284308 0.99796151742654 23
1751884354650 0.9980726464047442 24
1751885411787 0.998201618543311 25
1751886472976 0.9979179060083284 26
1751887537183 0.9985100571144773 27
1751888596226 0.9977691850089233 28
1751889662911 0.9979813893949092 29
1751890727880 0.9983313702394975 30
1751891798275 0.998109734865443 31
1751892859076 0.998402396405392 32
