1751858009175 0.9272267756336066 0
1751859061662 0.9629916495219654 1
1751860131730 0.9758269720101781 2
1751861196295 0.9825021007364935 3
1751862980212 0.9855573386001728 4
1751864043046 0.987987469475346 5
1751865113292 0.9898710410593409 6
1751866182367 0.9899477481960687 7
1751867243879 0.9909611775165464 8
1751868305814 0.9913386798272671 9
1751869376123 0.9920286966919091 10
1751870447475 0.9921076144147721 11
1751871524460 0.9930076915393068 12
1751872593126 0.9933633797236392 13
1751873664501 0.9938804717958841 14
1751874729873 0.9944976969998756 15
1751875803791 0.9946671933636184 16
1751876871761 0.9940502751747732 17
1751877944490 0.994330050731125 18
1751879006555 0.995075092646772 19
1751880071942 0.9950692534502837 20
1751881147588 0.9951318861457453 21
1751882217169 0.9952660668699036 22
1751883284308 0.9955361571272692 23
1751884354650 0.9962018448182312 24
1751885411787 0.9957890015697805 25
1751886472976 0.9955981997131411 26
1751887537183 0.9959626483045599 27
1751888596226 0.9956221711063293 28
1751889662911 0.9953840109998036 29
1751890727880 0.9962290023997258 30
1751891798275 0.9959299151238398 31
1751892859076 0.9964870319156888 32
