1751858009175 0.29337478530489736 0
1751859061662 0.11854646426610767 1
1751860131730 0.07481787356636709 2
1751861196295 0.053022586843664093 3
1751862980212 0.04561585559757308 4
1751864043046 0.03996013899893677 5
1751865113292 0.032646365549382085 6
1751866182367 0.03370403486571001 7
1751867243879 0.029553700358762095 8
1751868305814 0.0295016335054589 9
1751869376123 0.026635429918736457 10
1751870447475 0.026819386183273137 11
1751871524460 0.024665111860921903 12
1751872593126 0.022285761926988407 13
1751873664501 0.0225332311938502 14
1751874729873 0.019878791075635015 15
1751875803791 0.019071958408809254 16
1751876871761 0.02046971991184696 17
1751877944490 0.01950010839736067 18
1751879006555 0.017871491287281507 19
1751880071942 0.018172760146978637 20
1751881147588 0.016777121657697347 21
1751882217169 0.0168581774661554 22
1751883284308 0.016264881093899484 23
1751884354650 0.013719272405433003 24
1751885411787 0.014596992783746885 25
1751886472976 0.014753371685750723 26
1751887537183 0.014573997469519132 27
1751888596226 0.01497253242732046 28
1751889662911 0.01658070929373184 29
1751890727880 0.013392331933746823 30
1751891798275 0.013988441643965734 31
1751892859076 0.012116627534112287 32
