1751858009175 0.923544592783761 0
1751859061662 0.9620576703558489 1
1751860131730 0.9754826542260162 2
1751861196295 0.982430889870465 3
1751862980212 0.9854831505285622 4
1751864043046 0.9879150330041193 5
1751865113292 0.9898257978063427 6
1751866182367 0.9899746885701524 7
1751867243879 0.9909176634076133 8
1751868305814 0.9912898903171373 9
1751869376123 0.992059159263487 10
1751870447475 0.9921087895180902 11
1751871524460 0.9930517643555511 12
1751872593126 0.9933495458831704 13
1751873664501 0.9938458484292024 14
1751874729873 0.9945158568663457 15
1751875803791 0.9946399325028538 16
1751876871761 0.9940443694476153 17
1751877944490 0.9943421509752345 18
1751879006555 0.9949873442850762 19
1751880071942 0.995061789666981 20
1751881147588 0.9951362350488858 21
1751882217169 0.9952603106853938 22
1751883284308 0.9955332770857115 23
1751884354650 0.9961784703955532 24
1751885411787 0.9958062434860291 25
1751886472976 0.9955829073403146 26
1751887537183 0.9959551342498387 27
1751888596226 0.9956077224676163 28
1751889662911 0.9953347560672986 29
1751890727880 0.9961784703955532 30
1751891798275 0.995930319122537 31
1751892859076 0.9965010670504739 32
