1751858009175 0.9237230565011905 0
1751859061662 0.9621058322927775 1
1751860131730 0.9754587385783973 2
1751861196295 0.9824497896215412 3
1751862980212 0.9854808438956277 4
1751864043046 0.9879078069030955 5
1751865113292 0.9898238247700482 6
1751866182367 0.9900017022457709 7
1751867243879 0.990914153539913 8
1751868305814 0.9912829902677319 9
1751869376123 0.992083557508256 10
1751870447475 0.9921266435189479 11
1751871524460 0.9930897473579784 12
1751872593126 0.9933543608475064 13
1751873664501 0.9938383730544139 14
1751874729873 0.994533212165797 15
1751875803791 0.9946334461208856 16
1751876871761 0.994052375455428 17
1751877944490 0.9943541934898674 18
1751879006555 0.9949474723326981 19
1751880071942 0.9950660296324936 20
1751881147588 0.9951457498393315 21
1751882217169 0.9952629955176893 22
1751883284308 0.995537607858675 23
1751884354650 0.9961703510147631 24
1751885411787 0.9958217165694859 25
1751886472976 0.9955802389030015 26
1751887537183 0.9959569082378417 27
1751888596226 0.9956052523474508 28
1751889662911 0.9953133043937572 29
1751890727880 0.9961539393110951 30
1751891798275 0.9959352833772623 31
1751892859076 0.9965122303716323 32
