1751858009175 0.8819591103122894 0
1751859061662 0.938260541458353 1
1751860131730 0.9641268613421001 2
1751861196295 0.9758456477981245 3
1751862980212 0.9810282119335496 4
1751864043046 0.9836927157522471 5
1751865113292 0.9859737191790935 6
1751866182367 0.985924567576944 7
1751867243879 0.9871094710947109 8
1751868305814 0.9875614552605703 9
1751869376123 0.9886301573903977 10
1751870447475 0.987988136431043 11
1751871524460 0.9892034429573611 12
1751872593126 0.9899313952914466 13
1751873664501 0.9903614457831326 14
1751874729873 0.9916583912611718 15
1751875803791 0.9918755231670688 16
1751876871761 0.9907100854869793 17
1751877944490 0.9917650560571485 18
1751879006555 0.9926066442920376 19
1751880071942 0.9921438806265132 20
1751881147588 0.9924696556849145 21
1751882217169 0.9929281440087038 22
1751883284308 0.9931225570234031 23
1751884354650 0.9943380434247452 24
1751885411787 0.9933880188913746 25
1751886472976 0.9932892529359518 26
1751887537183 0.9934282043680206 27
1751888596226 0.9934843773137865 28
1751889662911 0.9928001175491012 29
1751890727880 0.9941354706284821 30
1751891798275 0.9937595958595414 31
1751892859076 0.9945790023374944 32
