1741089589552 9.9001e-05 0
1741089604961 9.800199999999999e-05 1
1741089620513 9.700299999999998e-05 2
1741089636011 9.600399999999998e-05 3
1741089651592 9.500499999999998e-05 4
1741089667062 9.400599999999998e-05 5
1741089682521 9.300699999999999e-05 6
1741089698039 9.200799999999999e-05 7
1741089713640 9.1009e-05 8
1741089729254 9.000999999999999e-05 9
1741089744847 8.901099999999999e-05 10
1741089760277 8.801199999999998e-05 11
1741089775919 8.701299999999999e-05 12
1741089791626 8.6014e-05 13
1741089807266 8.5015e-05 14
1741089822788 8.401599999999999e-05 15
1741089838229 8.3017e-05 16
1741089853551 8.201799999999999e-05 17
1741089869268 8.101899999999999e-05 18
1741089884903 8.001999999999998e-05 19
1741089900114 7.902099999999999e-05 20
1741089915645 7.802199999999999e-05 21
1741089931256 7.7023e-05 22
1741089946564 7.602399999999999e-05 23
1741089962124 7.5025e-05 24
1741089977665 7.4026e-05 25
1741089993287 7.302699999999999e-05 26
1741090008984 7.2028e-05 27
1741090024445 7.102899999999999e-05 28
1741090040161 7.002999999999998e-05 29
1741090055731 6.903099999999998e-05 30
1741090071323 6.803199999999997e-05 31
1741090086541 6.703299999999997e-05 32
1741090102182 6.603399999999997e-05 33
1741090117743 6.503499999999998e-05 34
1741090133257 6.403599999999998e-05 35
1741090148584 6.303699999999997e-05 36
1741090164171 6.203799999999998e-05 37
1741090179753 6.103899999999998e-05 38
1741090194945 6.003999999999999e-05 39
1741090210172 5.904099999999999e-05 40
1741090225516 5.804199999999999e-05 41
1741090240782 5.704299999999999e-05 42
1741090256082 5.604399999999999e-05 43
1741090271431 5.5044999999999985e-05 44
1741090286935 5.4045999999999984e-05 45
1741090302067 5.304699999999999e-05 46
1741090317418 5.204799999999999e-05 47
1741090332768 5.104899999999999e-05 48
1741090348239 5.004999999999999e-05 49
1741090363464 4.9050999999999995e-05 50
1741090378743 4.8052e-05 51
1741090394069 4.7053e-05 52
1741090409541 4.6053999999999996e-05 53
1741090424836 4.5054999999999995e-05 54
1741090440175 4.405599999999999e-05 55
1741090455468 4.305699999999999e-05 56
1741090470742 4.205799999999999e-05 57
1741090486441 4.1058999999999994e-05 58
1741090501674 4.005999999999999e-05 59
1741090517253 3.9061e-05 60
1741090532556 3.8061999999999996e-05 61
1741090547840 3.7062999999999994e-05 62
1741090563120 3.606399999999999e-05 63
1741090578415 3.506499999999999e-05 64
1741090594092 3.406599999999999e-05 65
1741090609358 3.306699999999999e-05 66
1741090624769 3.2067999999999985e-05 67
1741090640074 3.106899999999998e-05 68
1741090655636 3.0069999999999985e-05 69
1741090670937 2.9070999999999986e-05 70
1741090686294 2.8071999999999985e-05 71
1741090701624 2.7072999999999983e-05 72
1741090716958 2.6073999999999984e-05 73
1741090732256 2.5074999999999986e-05 74
1741090747581 2.4075999999999988e-05 75
1741090762904 2.307699999999999e-05 76
1741090778217 2.2077999999999988e-05 77
1741090793611 2.107899999999999e-05 78
