1741089589552 0.47002067539627845 0
1741089604961 0.5910964550700742 1
1741089620513 0.7279693486590039 2
1741089636011 0.7762998790810157 3
1741089651592 0.716441620333598 4
1741089667062 0.739460370994941 5
1741089682521 0.8038647342995169 6
1741089698039 0.7909502262443439 7
1741089713640 0.8043290043290043 8
1741089729254 0.8035426731078905 9
1741089744847 0.8160821214713431 10
1741089760277 0.8507194244604317 11
1741089775919 0.8583128583128583 12
1741089791626 0.8816855753646677 13
1741089807266 0.8569182389937107 14
1741089822788 0.8805970149253731 15
1741089838229 0.8849104859335039 16
1741089853551 0.8745928338762216 17
1741089869268 0.8850957535387177 18
1741089884903 0.8792544570502431 19
1741089900114 0.8963607594936709 20
1741089915645 0.8910411622276029 21
1741089931256 0.9032258064516129 22
1741089946564 0.9131493506493507 23
1741089962124 0.8939393939393939 24
1741089977665 0.902676399026764 25
1741089993287 0.9154471544715447 26
1741090008984 0.8981989036805011 27
1741090024445 0.8979757085020242 28
1741090040161 0.9073770491803279 29
1741090055731 0.8978583196046128 30
1741090071323 0.913477537437604 31
1741090086541 0.919672131147541 32
1741090102182 0.9241435562805873 33
1741090117743 0.9221183800623053 34
1741090133257 0.9153481012658228 35
1741090148584 0.9175 36
1741090164171 0.9306853582554517 37
1741090179753 0.9264475743348983 38
1741090194945 0.9129373474369405 39
1741090210172 0.9322742474916388 40
1741090225516 0.9207365892714171 41
1741090240782 0.9272445820433437 42
1741090256082 0.929656274980016 43
1741090271431 0.9395973154362416 44
1741090286935 0.9286898839137645 45
1741090302067 0.9271089271089271 46
1741090317418 0.9355102040816327 47
1741090332768 0.9293739967897271 48
1741090348239 0.9326999208234362 49
1741090363464 0.9285140562248996 50
1741090378743 0.9393939393939394 51
1741090394069 0.9416666666666667 52
1741090409541 0.9470729751403368 53
1741090424836 0.9294403892944039 54
1741090440175 0.9473257698541329 55
1741090455468 0.9510825982357658 56
1741090470742 0.9383399209486166 57
1741090486441 0.9288079470198676 58
1741090501674 0.948051948051948 59
1741090517253 0.9246190858059342 60
1741090532556 0.9439551641313051 61
1741090547840 0.9345570630486831 62
1741090563120 0.9363929146537843 63
1741090578415 0.9378486055776892 64
1741090594092 0.9392486011191047 65
1741090609358 0.9507154213036566 66
1741090624769 0.9417781274586939 67
1741090640074 0.9443137254901961 68
1741090655636 0.94 69
1741090670937 0.9484702093397746 70
1741090686294 0.9394184168012925 71
1741090701624 0.9419847328244275 72
1741090716958 0.9351851851851852 73
1741090732256 0.9326625386996904 74
1741090747581 0.9506656225528582 75
1741090762904 0.9344391785150079 76
1741090778217 0.9404186795491143 77
1741090793611 0.9536585365853658 78
