1741089589552 0.5425616547334925 0
1741089604961 0.5722266560255387 1
1741089620513 0.46079223928860147 2
1741089636011 0.5164923572003218 3
1741089651592 0.7204472843450479 4
1741089667062 0.6943784639746635 5
1741089682521 0.6764227642276422 6
1741089698039 0.699759807846277 7
1741089713640 0.7240841777084958 8
1741089729254 0.7939538583929993 9
1741089744847 0.7644230769230769 10
1741089760277 0.7760459392945037 11
1741089775919 0.8232521602513747 12
1741089791626 0.8453768453768454 13
1741089807266 0.8535630383711824 14
1741089822788 0.846215139442231 15
1741089838229 0.8557295960428689 16
1741089853551 0.8571428571428571 17
1741089869268 0.8593371059013742 18
1741089884903 0.8652312599681021 19
1741089900114 0.8668706962509564 20
1741089915645 0.8782816229116945 21
1741089931256 0.8874801901743264 22
1741089946564 0.8660508083140878 23
1741089962124 0.8982371794871795 24
1741089977665 0.8763779527559055 25
1741089993287 0.8749028749028749 26
1741090008984 0.9010212097407698 27
1741090024445 0.8829617834394905 28
1741090040161 0.8870192307692307 29
1741090055731 0.8985985160758451 30
1741090071323 0.8919577579203899 31
1741090086541 0.8983186549239391 32
1741090102182 0.8956521739130435 33
1741090117743 0.9038167938931297 34
1741090133257 0.9211783439490446 35
1741090148584 0.8965798045602605 36
1741090164171 0.9178187403993856 37
1741090179753 0.9221183800623053 38
1741090194945 0.9026548672566371 39
1741090210172 0.9139344262295082 40
1741090225516 0.9229534510433387 41
1741090240782 0.9187116564417178 42
1741090256082 0.9274322169059012 43
1741090271431 0.9135399673735726 44
1741090286935 0.9240924092409241 45
1741090302067 0.9136400322841001 46
1741090317418 0.9146049481245012 47
1741090332768 0.9175911251980983 48
1741090348239 0.9203125 49
1741090363464 0.948318293683347 50
1741090378743 0.9364069952305246 51
1741090394069 0.9323432343234324 52
1741090409541 0.9328593996840442 53
1741090424836 0.9393442622950819 54
1741090440175 0.9344524380495604 55
1741090455468 0.9331235247836349 56
1741090470742 0.9375987361769352 57
1741090486441 0.9342214820982515 58
1741090501674 0.9366037735849057 59
1741090517253 0.9404567699836868 60
1741090532556 0.9349722442505948 61
1741090547840 0.9308426073131956 62
1741090563120 0.9579901153212521 63
1741090578415 0.9326465927099842 64
1741090594092 0.9392486011191047 65
1741090609358 0.9321901792673422 66
1741090624769 0.9432624113475178 67
1741090640074 0.953285827395091 68
1741090655636 0.9430176565008026 69
1741090670937 0.9461847389558233 70
1741090686294 0.9311449159327462 71
1741090701624 0.9341408024224073 72
1741090716958 0.9461358313817331 73
1741090732256 0.9525691699604744 74
1741090747581 0.946219797349961 75
1741090762904 0.9563459983831851 76
1741090778217 0.9449838187702265 77
1741090793611 0.9474959612277868 78
