1741089589552 0.46496815286624205 0
1741089604961 0.589171974522293 1
1741089620513 0.6496815286624203 2
1741089636011 0.6871019108280255 3
1741089651592 0.7185509554140127 4
1741089667062 0.723328025477707 5
1741089682521 0.7607484076433121 6
1741089698039 0.7587579617834395 7
1741089713640 0.7691082802547771 8
1741089729254 0.7997611464968153 9
1741089744847 0.7973726114649682 10
1741089760277 0.8252388535031847 11
1741089775919 0.8415605095541401 12
1741089791626 0.8626592356687898 13
1741089807266 0.8531050955414012 14
1741089822788 0.865843949044586 15
1741089838229 0.8765923566878981 16
1741089853551 0.8674363057324841 17
1741089869268 0.8757961783439491 18
1741089884903 0.8734076433121019 19
1741089900114 0.8785828025477707 20
1741089915645 0.8853503184713376 21
1741089931256 0.8957006369426752 22
1741089946564 0.8881369426751592 23
1741089962124 0.8964968152866242 24
1741089977665 0.8897292993630573 25
1741089993287 0.8945063694267515 26
1741090008984 0.8980891719745223 27
1741090024445 0.8913216560509554 28
1741090040161 0.8988853503184714 29
1741090055731 0.901671974522293 30
1741090071323 0.9056528662420382 31
1741090086541 0.9104299363057324 32
1741090102182 0.9104299363057324 33
1741090117743 0.910031847133758 34
1741090133257 0.9179936305732485 35
1741090148584 0.910031847133758 36
1741090164171 0.9219745222929936 37
1741090179753 0.9227707006369427 38
1741090194945 0.9092356687898089 39
1741090210172 0.9259554140127388 40
1741090225516 0.9223726114649682 41
1741090240782 0.9203821656050956 42
1741090256082 0.9287420382165605 43
1741090271431 0.929140127388535 44
1741090286935 0.929140127388535 45
1741090302067 0.9219745222929936 46
1741090317418 0.9259554140127388 47
1741090332768 0.9235668789808917 48
1741090348239 0.9255573248407644 49
1741090363464 0.9394904458598726 50
1741090378743 0.9378980891719745 51
1741090394069 0.9394904458598726 52
1741090409541 0.9398885350318471 53
1741090424836 0.9359076433121019 54
1741090440175 0.9414808917197452 55
1741090455468 0.9418789808917197 56
1741090470742 0.9375 57
1741090486441 0.9343152866242038 58
1741090501674 0.9394904458598726 59
1741090517253 0.9335191082802548 60
1741090532556 0.9394904458598726 61
1741090547840 0.9327229299363057 62
1741090563120 0.9482484076433121 63
1741090578415 0.9351114649681529 64
1741090594092 0.9394904458598726 65
1741090609358 0.9406847133757962 66
1741090624769 0.9418789808917197 67
1741090640074 0.9482484076433121 68
1741090655636 0.9418789808917197 69
1741090670937 0.9478503184713376 70
1741090686294 0.9359076433121019 71
1741090701624 0.9351114649681529 72
1741090716958 0.9390923566878981 73
1741090732256 0.9414808917197452 74
1741090747581 0.947452229299363 75
1741090762904 0.9454617834394905 76
1741090778217 0.9434713375796179 77
1741090793611 0.9514331210191083 78
