1741089589552 0.6962900342820566 0
1741089604961 0.686634716353839 1
1741089620513 0.6776064038276672 2
1741089636011 0.6656066005743002 3
1741089651592 0.654683262487001 4
1741089667062 0.6437384848353229 5
1741089682521 0.6266426610041268 6
1741089698039 0.609284628795672 7
1741089713640 0.5887167076521282 8
1741089729254 0.5519641162473944 9
1741089744847 0.5290769764894172 10
1741089760277 0.48275093074086345 11
1741089775919 0.4506706580331054 12
1741089791626 0.3982985562916043 13
1741089807266 0.39448105609869655 14
1741089822788 0.36096506556378133 15
1741089838229 0.3425377288573905 16
1741089853551 0.33333236507222624 17
1741089869268 0.31502756118019926 18
1741089884903 0.3191744111761262 19
1741089900114 0.3036988979276222 20
1741089915645 0.2915452667806722 21
1741089931256 0.2758839134174057 22
1741089946564 0.2760409224259702 23
1741089962124 0.2675674970768675 24
1741089977665 0.26656962195529216 25
1741089993287 0.26915206580976897 26
1741090008984 0.24546764574096172 27
1741090024445 0.2538543947135346 28
1741090040161 0.25788112097903143 29
1741090055731 0.24471994725209248 30
1741090071323 0.2324700834630411 31
1741090086541 0.2195868998577323 32
1741090102182 0.2197477943912337 33
1741090117743 0.2172146159448201 34
1741090133257 0.20975644716733619 35
1741090148584 0.22043133960871758 36
1741090164171 0.19155384067304526 37
1741090179753 0.19686533218320412 38
1741090194945 0.21272788866411282 39
1741090210172 0.19203021518791777 40
1741090225516 0.1867513936720317 41
1741090240782 0.19759120763857155 42
1741090256082 0.18048883234209653 43
1741090271431 0.17769335828061344 44
1741090286935 0.16980177720513526 45
1741090302067 0.18860056930327718 46
1741090317418 0.1803888177286975 47
1741090332768 0.17842215540099748 48
1741090348239 0.17363592953998833 49
1741090363464 0.1680894550171834 50
1741090378743 0.15235668123711513 51
1741090394069 0.15923657150396817 52
1741090409541 0.15672104961321323 53
1741090424836 0.16585752962133551 54
1741090440175 0.14708336735073524 55
1741090455468 0.14518713875661923 56
1741090470742 0.15863007033550286 57
1741090486441 0.15925764768749853 58
1741090501674 0.1507905792162011 59
1741090517253 0.1576098188569274 60
1741090532556 0.14657174135687984 61
1741090547840 0.17160246945634672 62
1741090563120 0.1372310774330097 63
1741090578415 0.15760806947946548 64
1741090594092 0.1508256129543238 65
1741090609358 0.14751960926606686 66
1741090624769 0.14117441510286513 67
1741090640074 0.1320802934845037 68
1741090655636 0.1423207985449441 69
1741090670937 0.13843261582564703 70
1741090686294 0.1536604132078871 71
1741090701624 0.15192732144194313 72
1741090716958 0.15140992294572578 73
1741090732256 0.14628709951722169 74
1741090747581 0.1416770908274228 75
1741090762904 0.13114674653433547 76
1741090778217 0.1431588772448558 77
1741090793611 0.12380631671204598 78
