1741089589552 0.4649063253747144 0
1741089604961 0.5891315964798066 1
1741089620513 0.6468667078795949 2
1741089636011 0.6853541376230136 3
1741089651592 0.7185569755058574 4
1741089667062 0.7234902728199979 5
1741089682521 0.759038215187144 6
1741089698039 0.758430972806749 7
1741089713640 0.7700974183904562 8
1741089729254 0.7997657738180135 9
1741089744847 0.797164070107108 10
1741089760277 0.8238311676364244 11
1741089775919 0.8418117137011514 12
1741089791626 0.8630965859537288 13
1741089807266 0.8530973086592754 14
1741089822788 0.8658283334442658 15
1741089838229 0.8759017495225893 16
1741089853551 0.8674117780551458 17
1741089869268 0.8755509058918636 18
1741089884903 0.8733946442924772 19
1741089900114 0.8790785016524492 20
1741089915645 0.8853559508980784 21
1741089931256 0.8957400950871632 22
1741089946564 0.888919880661578 23
1741089962124 0.8965078302499189 24
1741089977665 0.8898797976339914 25
1741089993287 0.8950024578596006 26
1741090008984 0.8980489422392307 27
1741090024445 0.8913216560509554 28
1741090040161 0.8988102482960078 29
1741090055731 0.9015702357130572 30
1741090071323 0.9053855924652692 31
1741090086541 0.910362811230774 32
1741090102182 0.9105365921690318 33
1741090117743 0.9103110591761822 34
1741090133257 0.9179936305732485 35
1741090148584 0.9097385004109714 36
1741090164171 0.9221325106955606 37
1741090179753 0.9227855743959735 38
1741090194945 0.9091682531712658 39
1741090210172 0.9256204638887479 40
1741090225516 0.9223771994553187 41
1741090240782 0.920448543452647 42
1741090256082 0.9287399558297391 43
1741090271431 0.9287762045265996 44
1741090286935 0.9289692815435391 45
1741090302067 0.9218632211695441 46
1741090317418 0.9259283676285731 47
1741090332768 0.9235955625990492 48
1741090348239 0.9256594967532468 49
1741090363464 0.9397430602214105 50
1741090378743 0.937900467312232 51
1741090394069 0.9392485402386392 52
1741090409541 0.9399449486381698 53
1741090424836 0.9360034004973862 54
1741090440175 0.9414530231484914 55
1741090455468 0.9419848083225185 56
1741090470742 0.937499207574824 57
1741090486441 0.9343113512703309 58
1741090501674 0.9396582473653257 59
1741090517253 0.9336809510882664 60
1741090532556 0.939508504219622 61
1741090547840 0.9327259288559597 62
1741090563120 0.9485636246868203 63
1741090578415 0.9351232963549921 64
1741090594092 0.9394894869195841 65
1741090609358 0.9408713304798876 66
1741090624769 0.9418645121902511 67
1741090640074 0.948220175506993 68
1741090655636 0.9418879751698326 69
1741090670937 0.947835858033555 70
1741090686294 0.935881246564948 71
1741090701624 0.9351644398342095 72
1741090716958 0.9389493129288845 73
1741090732256 0.9414008640500046 74
1741090747581 0.9474793046961358 75
1741090762904 0.9456239795837496 76
1741090778217 0.9434950441813514 77
1741090793611 0.9513774939576924 78
