1741089589552 0.5036927621861153 0
1741089604961 0.5815085158150851 1
1741089620513 0.5643564356435643 2
1741089636011 0.6202898550724638 3
1741089651592 0.7184388689765033 4
1741089667062 0.7162106982441813 5
1741089682521 0.7346578366445916 6
1741089698039 0.7425658453695837 7
1741089713640 0.7621000820344545 8
1741089729254 0.798719487795118 9
1741089744847 0.7894083574679355 10
1741089760277 0.8116688116688117 11
1741089775919 0.8404170008019246 12
1741089791626 0.8631495438318127 13
1741089807266 0.8552373479795998 14
1741089822788 0.8630637952052012 15
1741089838229 0.8700754400670578 16
1741089853551 0.8657799274486094 17
1741089869268 0.8720262510254306 18
1741089884903 0.8721864951768489 19
1741089900114 0.881369117075068 20
1741089915645 0.8846153846153846 21
1741089931256 0.8952837729816147 22
1741089946564 0.8889766890557093 23
1741089962124 0.8960831334932055 24
1741089977665 0.8893328006392329 25
1741089993287 0.8947159316646802 26
1741090008984 0.899607843137255 27
1741090024445 0.8904054596547571 28
1741090040161 0.8970826580226904 29
1741090055731 0.8982282653481665 30
1741090071323 0.9025893958076449 31
1741090086541 0.9088699878493317 32
1741090102182 0.9096748293857888 33
1741090117743 0.912875867386276 34
1741090133257 0.9182539682539682 35
1741090148584 0.9069192751235585 36
1741090164171 0.9242072699149265 37
1741090179753 0.9242779078844653 38
1741090194945 0.9077669902912622 39
1741090210172 0.9230132450331126 40
1741090225516 0.9218436873747495 41
1741090240782 0.9229583975346687 42
1741090256082 0.9285429141716567 43
1741090271431 0.9263854425144747 44
1741090286935 0.9263854425144747 45
1741090302067 0.9203252032520325 46
1741090317418 0.9249394673123487 47
1741090332768 0.9234449760765551 48
1741090348239 0.9264648053480141 49
1741090363464 0.9383116883116883 50
1741090378743 0.9378980891719745 51
1741090394069 0.9369817578772802 52
1741090409541 0.9399124552327895 53
1741090424836 0.9343660823481451 54
1741090440175 0.9408450704225352 55
1741090455468 0.9420174741858618 56
1741090470742 0.9379691821414461 57
1741090486441 0.9315068493150684 58
1741090501674 0.9422930903568717 59
1741090517253 0.9324706833805095 60
1741090532556 0.9394422310756972 61
1741090547840 0.9326961369972122 62
1741090563120 0.9470684039087948 63
1741090578415 0.9352403655145014 64
1741090594092 0.9392486011191047 65
1741090609358 0.9413616686343959 66
1741090624769 0.9425196850393701 67
1741090640074 0.9487785657998424 68
1741090655636 0.9415064102564102 69
1741090670937 0.9473260956976277 70
1741090686294 0.9352633695215119 71
1741090701624 0.9380463702014443 72
1741090716958 0.940628637951106 73
1741090732256 0.9425107547907704 74
1741090747581 0.9484375 75
1741090762904 0.9452656811825809 76
1741090778217 0.9426957223567393 77
1741090793611 0.9505672609400324 78
