1741706168173 9.901e-05 0
1741706184176 9.802e-05 1
1741706200206 9.703e-05 2
1741706216259 9.604e-05 3
1741706232020 9.504999999999999e-05 4
1741706248164 9.405999999999999e-05 5
1741706264099 9.306999999999999e-05 6
1741706280082 9.207999999999999e-05 7
1741706295980 9.108999999999998e-05 8
1741706312045 9.009999999999998e-05 9
1741706328125 8.910999999999998e-05 10
1741706344003 8.811999999999998e-05 11
1741706359742 8.712999999999997e-05 12
1741706375498 8.613999999999997e-05 13
1741706391228 8.514999999999998e-05 14
1741706406906 8.415999999999998e-05 15
1741706422597 8.316999999999998e-05 16
1741706438363 8.217999999999998e-05 17
1741706454071 8.118999999999997e-05 18
1741706469883 8.019999999999997e-05 19
1741706485577 7.920999999999997e-05 20
