1741706168173 0.48854961832061067 0
1741706184176 0.5931297709923664 1
1741706200206 0.6648854961832061 2
1741706216259 0.6988549618320611 3
1741706232020 0.7393129770992366 4
1741706248164 0.7366412213740458 5
1741706264099 0.7572519083969466 6
1741706280082 0.7858778625954198 7
1741706295980 0.783206106870229 8
1741706312045 0.8061068702290076 9
1741706328125 0.833587786259542 10
1741706344003 0.8572519083969465 11
1741706359742 0.8709923664122138 12
1741706375498 0.8725190839694656 13
1741706391228 0.8805343511450382 14
1741706406906 0.8877862595419848 15
1741706422597 0.9022900763358779 16
1741706438363 0.8961832061068702 17
1741706454071 0.899236641221374 18
1741706469883 0.9007633587786259 19
1741706485577 0.9080152671755726 20
