1741706168173 0.647640791476408 0
1741706184176 0.7477341389728097 1
1741706200206 0.4190251572327044 2
1741706216259 0.6108149276466108 3
1741706232020 0.7358636715724245 4
1741706248164 0.6895752895752896 5
1741706264099 0.7378048780487805 6
1741706280082 0.7264296754250387 7
1741706295980 0.7447795823665894 8
1741706312045 0.8075471698113208 9
1741706328125 0.8238503507404521 10
1741706344003 0.8426707597851113 11
1741706359742 0.8663101604278075 12
1741706375498 0.8762045959970348 13
1741706391228 0.8845861807137434 14
1741706406906 0.8946153846153846 15
1741706422597 0.9045031055900621 16
1741706438363 0.9046511627906977 17
1741706454071 0.9025326170376056 18
1741706469883 0.9104477611940298 19
1741706485577 0.9066564651874521 20
