1741706168173 0.4880623559219712 0
1741706184176 0.5914596620789975 1
1741706200206 0.6579547151148686 2
1741706216259 0.6990570430122879 3
1741706232020 0.7392636642286502 4
1741706248164 0.7361083995046259 5
1741706264099 0.7572816439173566 6
1741706280082 0.7851605390699854 7
1741706295980 0.7827138303694289 8
1741706312045 0.8060901872222627 9
1741706328125 0.8333911439566134 10
1741706344003 0.8571744079867091 11
1741706359742 0.8709887949354902 12
1741706375498 0.8724059958742059 13
1741706391228 0.8805125838334642 14
1741706406906 0.8878379953379953 15
1741706422597 0.902326627870106 16
1741706438363 0.8963105438013639 17
1741706454071 0.89925415969572 18
1741706469883 0.9005363805970149 19
1741706485577 0.9080121625251807 20
