1741706168173 0.49247685185185186 0
1741706184176 0.5749128919860628 1
1741706200206 0.7931547619047619 2
1741706216259 0.7425925925925926 3
1741706232020 0.7352941176470589 4
1741706248164 0.756138865368332 5
1741706264099 0.7682539682539683 6
1741706280082 0.8195292066259808 7
1741706295980 0.8018318068276437 8
1741706312045 0.8087679516250945 9
1741706328125 0.8342541436464088 10
1741706344003 0.8666140489344909 11
1741706359742 0.874325366229761 12
1741706375498 0.8762045959970348 13
1741706391228 0.8785822021116139 14
1741706406906 0.8810606060606061 15
1741706422597 0.8975346687211094 16
1741706438363 0.8867781155015197 17
1741706454071 0.8956587966488957 18
1741706469883 0.8970588235294118 19
1741706485577 0.9087423312883436 20
