1741706168173 0.696143800892481 0
1741706184176 0.684837528845159 1
1741706200206 0.6724456366969318 2
1741706216259 0.6664209874664865 3
1741706232020 0.6527426787992803 4
1741706248164 0.6429859087234591 5
1741706264099 0.622492278494486 6
1741706280082 0.5973644445582134 7
1741706295980 0.5740966557002649 8
1741706312045 0.5351083536700505 9
1741706328125 0.4914620147972572 10
1741706344003 0.4447201196013427 11
1741706359742 0.38831707217344424 12
1741706375498 0.36179665421567314 13
1741706391228 0.33140325618953237 14
1741706406906 0.3049463093644235 15
1741706422597 0.27344950542944235 16
1741706438363 0.2823478322385288 17
1741706454071 0.26687656833631235 18
1741706469883 0.26560063351218294 19
1741706485577 0.24552709681958687 20
