1741706168173 0.559500328731098 0
1741706184176 0.650032829940906 1
1741706200206 0.5483539094650206 2
1741706216259 0.6702883409945675 3
1741706232020 0.7355787843592722 4
1741706248164 0.721324717285945 5
1741706264099 0.7527216174183515 6
1741706280082 0.7701761573125768 7
1741706295980 0.7722534081796311 8
1741706312045 0.8081570996978852 9
1741706328125 0.8290196078431372 10
1741706344003 0.8544747081712062 11
1741706359742 0.8702993092862624 12
1741706375498 0.8762045959970348 13
1741706391228 0.88157396897465 14
1741706406906 0.8877862595419848 15
1741706422597 0.9010054137664346 16
1741706438363 0.8956254796623178 17
1741706454071 0.8990825688073395 18
1741706469883 0.9037037037037037 19
1741706485577 0.907698199923401 20
