1741181168635 9.9001e-05 0
1741181385738 9.800199999999999e-05 1
1741181602850 9.700299999999998e-05 2
1741181820047 9.600399999999998e-05 3
1741182037230 9.500499999999998e-05 4
1741182254614 9.400599999999998e-05 5
1741182471796 9.300699999999999e-05 6
1741182688963 9.200799999999999e-05 7
1741182906327 9.1009e-05 8
1741183123729 9.000999999999999e-05 9
1741183340705 8.901099999999999e-05 10
1741183557951 8.801199999999998e-05 11
1741183775069 8.701299999999999e-05 12
1741183992235 8.6014e-05 13
1741184209247 8.5015e-05 14
1741184426168 8.401599999999999e-05 15
1741184643575 8.3017e-05 16
1741184860830 8.201799999999999e-05 17
1741185078252 8.101899999999999e-05 18
1741185295286 8.001999999999998e-05 19
1741185512517 7.902099999999999e-05 20
1741185729477 7.802199999999999e-05 21
1741185946381 7.7023e-05 22
1741186163744 7.602399999999999e-05 23
1741186380695 7.5025e-05 24
1741186597950 7.4026e-05 25
1741186814951 7.302699999999999e-05 26
1741187032244 7.2028e-05 27
1741187249340 7.102899999999999e-05 28
1741187466225 7.002999999999998e-05 29
1741187683143 6.903099999999998e-05 30
1741187900113 6.803199999999997e-05 31
1741188117427 6.703299999999997e-05 32
1741188334394 6.603399999999997e-05 33
1741188551332 6.503499999999998e-05 34
1741188768344 6.403599999999998e-05 35
1741188985549 6.303699999999997e-05 36
1741189202477 6.203799999999998e-05 37
1741189419480 6.103899999999998e-05 38
1741189636719 6.003999999999999e-05 39
1741189853609 5.904099999999999e-05 40
1741190070611 5.804199999999999e-05 41
1741190287636 5.704299999999999e-05 42
1741190504654 5.604399999999999e-05 43
1741190721482 5.5044999999999985e-05 44
1741190938596 5.4045999999999984e-05 45
1741191155554 5.304699999999999e-05 46
1741191372499 5.204799999999999e-05 47
1741191589572 5.104899999999999e-05 48
