1741181168635 0.9096703184191666 0
1741181385738 0.9732773625473533 1
1741181602850 0.97890856967339 2
1741181820047 0.9819033480086004 3
1741182037230 0.9846677587795638 4
1741182254614 0.9863059281253199 5
1741182471796 0.9886863929558718 6
1741182688963 0.9897614415890242 7
1741182906327 0.9906829118460121 8
1741183123729 0.991374014538753 9
1741183340705 0.9927818163202621 10
1741183557951 0.9935497082010852 11
1741183775069 0.9934729190130029 12
1741183992235 0.993882461349442 13
1741184209247 0.9939848469335517 14
1741184426168 0.994752738814375 15
1741184643575 0.9941896181017713 16
1741184860830 0.9952134739428689 17
1741185078252 0.994931913586567 18
1741185295286 0.9953670523190334 19
1741185512517 0.9955462270912255 20
1741185729477 0.995981365823692 21
1741185946381 0.9956230162793078 22
1741186163744 0.9963141189720487 23
1741186380695 0.9966468721204055 24
1741186597950 0.9965188901402683 25
1741186814951 0.9967748541005427 26
1741187032244 0.9965188901402683 27
1741187249340 0.9971588000409543 28
1741187466225 0.9969796252687622 29
1741187683143 0.9974147640012286 30
1741187900113 0.9971843964369816 31
1741188117427 0.9974147640012286 32
1741188334394 0.9977475171495853 33
1741188551332 0.9976963243575304 34
1741188768344 0.9976963243575304 35
1741188985549 0.9975939387734207 36
1741189202477 0.9980290775058872 37
1741189419480 0.9982850414661616 38
1741189636719 0.9982594450701341 39
1741189853609 0.9981058666939695 40
1741190070611 0.9980034811098597 41
1741190287636 0.9980546739019146 42
1741190504654 0.9978754991297225 43
1741190721482 0.998310637862189 44
1741190938596 0.9982338486741067 45
1741191155554 0.9982338486741067 46
1741191372499 0.9983618306542439 47
1741191589572 0.9981826558820518 48
