1741181168635 0.9096607071377495 0
1741181385738 0.9732805691661717 1
1741181602850 0.978891762606857 2
1741181820047 0.9819423600829076 3
1741182037230 0.9846841520431054 4
1741182254614 0.9863047366932591 5
1741182471796 0.9886778556162582 6
1741182688963 0.9897558936726614 7
1741182906327 0.9906760172312588 8
1741183123729 0.9913754996630826 9
1741183340705 0.9927656899579973 10
1741183557951 0.9935547581546795 11
1741183775069 0.9934897457357169 12
1741183992235 0.9938564880766203 13
1741184209247 0.9939666388962527 14
1741184426168 0.9947569473719929 15
1741184643575 0.9941481662869203 16
1741184860830 0.9952159237102666 17
1741185078252 0.9949301505615857 18
1741185295286 0.9953837080395388 19
1741185512517 0.9955409564542844 20
1741185729477 0.9959776218360925 21
1741185946381 0.995604596171297 22
1741186163744 0.9962999434745036 23
1741186380695 0.9966501756980963 24
1741186597950 0.9965258165939611 25
1741186814951 0.9967649425056954 26
1741187032244 0.9965145586686937 27
1741187249340 0.9971560022854252 28
1741187466225 0.9969791271374698 29
1741187683143 0.9974152276216142 30
1741187900113 0.9971929648738498 31
1741188117427 0.9974033939091151 32
1741188334394 0.997751607931798 33
1741188551332 0.9976968061803878 34
1741188768344 0.9977058794319683 35
1741188985549 0.9976006663979814 36
1741189202477 0.9980287864219951 37
1741189419480 0.9982734318059633 38
1741189636719 0.9982536701751219 39
1741189853609 0.9980990528110492 40
1741190070611 0.9979975884638753 41
1741190287636 0.9980479397982792 42
1741190504654 0.9978784408959244 43
1741190721482 0.99831325103861 44
1741190938596 0.9982362331049551 45
1741191155554 0.9982318977568371 46
1741191372499 0.9983611614088903 47
1741191589572 0.9981864243352924 48
