1741181168635 0.29703609949858045 0
1741181385738 0.09364074231548743 1
1741181602850 0.0714273541211551 2
1741181820047 0.060858516082057786 3
1741182037230 0.05300516411864232 4
1741182254614 0.04583814416267969 5
1741182471796 0.0395488004551218 6
1741182688963 0.03594509319628816 7
1741182906327 0.034335662917932684 8
1741183123729 0.030704102897721006 9
1741183340705 0.028259255246291307 10
1741183557951 0.023308294735727625 11
1741183775069 0.022790868778762245 12
1741183992235 0.022944442352768563 13
1741184209247 0.02282563331771019 14
1741184426168 0.01858312109485316 15
1741184643575 0.0205535958156138 16
1741184860830 0.018482991540980893 17
1741185078252 0.01745250489646939 18
1741185295286 0.0162952634815844 19
1741185512517 0.016580935216822107 20
1741185729477 0.015074395033348117 21
1741185946381 0.014392841337341167 22
1741186163744 0.012596530570048132 23
1741186380695 0.012756967780456393 24
1741186597950 0.012092065014005456 25
1741186814951 0.011527677476270709 26
1741187032244 0.011175408890144976 27
1741187249340 0.012040564821092763 28
1741187466225 0.011437401077532753 29
1741187683143 0.010027992830563236 30
1741187900113 0.009721087655241325 31
1741188117427 0.009048371116752798 32
1741188334394 0.007768276625910292 33
1741188551332 0.008707665051448973 34
1741188768344 0.00858225560390726 35
1741188985549 0.00803281436697537 36
1741189202477 0.00726616709452055 37
1741189419480 0.007183156898894033 38
1741189636719 0.006843335432846209 39
1741189853609 0.006936365413282931 40
1741190070611 0.007784608086229241 41
1741190287636 0.006697771233637075 42
1741190504654 0.007162257560307521 43
1741190721482 0.005825169753479624 44
1741190938596 0.006023952158490556 45
1741191155554 0.00668756701280002 46
1741191372499 0.006247945207460726 47
1741191589572 0.00692161377322662 48
