1741181168635 0.8745496233213232 0
1741181385738 0.9588918677390528 1
1741181602850 0.9667181505654925 2
1741181820047 0.9720110747545935 3
1741182037230 0.9756404449141879 4
1741182254614 0.9788810483870968 5
1741182471796 0.9825340737001514 6
1741182688963 0.9850111403686449 7
1741182906327 0.9854823208053012 8
1741183123729 0.9866612567834864 9
1741183340705 0.9883227176220807 10
1741183557951 0.9900733048259011 11
1741183775069 0.9901359501175508 12
1741183992235 0.990360351266781 13
1741184209247 0.9906428607556522 14
1741184426168 0.991845471688497 15
1741184643575 0.9910566246294529 16
1741184860830 0.9922587216704863 17
1741185078252 0.9921151693966833 18
1741185295286 0.9930691036040661 19
1741185512517 0.9925835619221782 20
1741185729477 0.9935907218068061 21
1741185946381 0.9932743362831858 22
1741186163744 0.9945327528601802 23
1741186380695 0.9946376589551096 24
1741186597950 0.994575230296827 25
1741186814951 0.9950281568667242 26
1741187032244 0.9949615756527049 27
1741187249340 0.9953654188948307 28
1741187466225 0.9950548049961764 29
1741187683143 0.9959156583448205 30
1741187900113 0.99568744224253 31
1741188117427 0.9962554397328206 32
1741188334394 0.9963141189720487 33
1741188551332 0.9965256488861639 34
1741188768344 0.9961983046493706 35
1741188985549 0.9965042155048324 36
1741189202477 0.9970884200847934 37
1741189419480 0.9971678551560208 38
1741189636719 0.9973591996343507 39
1741189853609 0.997004315816197 40
1741190070611 0.9969515293161264 41
1741190287636 0.9970046199928924 42
1741190504654 0.9966217945436864 43
1741190721482 0.9974370803219027 44
1741190938596 0.997537577591956 45
1741191155554 0.9970936161533754 46
1741191372499 0.9974978297502937 47
1741191589572 0.9973304584424252 48
