1741181168635 0.9137353638563641 0
1741181385738 0.9736842105263158 1
1741181602850 0.9792076709563462 2
1741181820047 0.9820216147488875 3
1741182037230 0.9847849831085371 4
1741182254614 0.9864133885262971 5
1741182471796 0.9887731775463551 6
1741182688963 0.9898229187868919 7
1741182906327 0.9907445077298617 8
1741183123729 0.9914129188431647 9
1741183340705 0.9928397318708104 10
1741183557951 0.9935632183908046 11
1741183775069 0.9934617061100998 12
1741183992235 0.993947068507028 13
1741184209247 0.9940365924835689 14
1741184426168 0.9947606512127175 15
1741184643575 0.9942788013206644 16
1741184860830 0.99522386534876 17
1741185078252 0.9949494949494949 18
1741185295286 0.995343093112409 19
1741185512517 0.9955673307178886 20
1741185729477 0.9959972465135253 21
1741185946381 0.9956659485489798 22
1741186163744 0.9963485140480779 23
1741186380695 0.9966481590461326 24
1741186597950 0.9965131781355758 25
1741186814951 0.9967981297011588 26
1741187032244 0.9965337954939342 27
1741187249340 0.9971682951095692 28
1741187466225 0.9969862593860142 29
1741187683143 0.9974178703822063 30
1741187900113 0.9971720911100828 31
1741188117427 0.9974415482432809 32
1741188334394 0.9977442838101097 33
1741188551332 0.997698091974014 34
1741188768344 0.9976847087878165 35
1741188985549 0.997581184704853 36
1741189202477 0.9980315463864816 37
1741189419480 0.9983038404091036 38
1741189636719 0.9982717429980176 39
1741189853609 0.9981192497331368 40
1741190070611 0.9980163776003255 41
1741190287636 0.9980687131530799 42
1741190504654 0.9978731582319026 43
1741190721482 0.9983069977426636 44
1741190938596 0.998228907312816 45
1741191155554 0.9982388524464637 46
1741191372499 0.9983645098640499 47
1741191589572 0.9981759794476558 48
