1741181168635 0.9565973999385812 0
1741181385738 0.9889400921658986 1
1741181602850 0.9920241321130937 2
1741181820047 0.99224049331963 3
1741182037230 0.9941025641025641 4
1741182254614 0.994062547985873 5
1741182471796 0.9950920245398773 6
1741182688963 0.9946819390468399 7
1741182906327 0.9960631934147962 8
1741183123729 0.9962105694387546 9
1741183340705 0.997398224670952 10
1741183557951 0.9970778222085512 11
1741183775069 0.9968098790841265 12
1741183992235 0.9975598596919323 13
1741184209247 0.9974536565491954 14
1741184426168 0.9976930175330667 15
1741184643575 0.9975219985839991 16
1741184860830 0.9982067834819142 17
1741185078252 0.9978000613936355 18
1741185295286 0.9976275207591934 19
1741185512517 0.9985690923957482 20
1741185729477 0.9984154569617665 21
1741185946381 0.9980691056910569 22
1741186163744 0.9981709175896758 23
1741186380695 0.998666803404779 24
1741186597950 0.9984586929716399 25
1741186814951 0.9985744106715544 26
1741187032244 0.9981109919844795 27
1741187249340 0.9989777141688816 28
1741187466225 0.9989252264701366 29
1741187683143 0.9989246210569439 30
1741187900113 0.9986611740473739 31
1741188117427 0.998630484402739 32
1741188334394 0.9991785604271486 33
1741188551332 0.9988732971422718 34
1741188768344 0.9991755552120369 35
1741188985549 0.9986604842864503 36
1741189202477 0.9989764585465711 37
1741189419480 0.9994424168694241 38
1741189636719 0.9991859577715594 39
1741189853609 0.9992366800671721 40
1741190070611 0.9990835030549898 41
1741190287636 0.9991350801322819 42
1741190504654 0.9991276683087028 43
1741190721482 0.999178433889602 44
1741190938596 0.9989211959313675 45
1741191155554 0.9993867225430572 46
1741191372499 0.9992326973246713 47
1741191589572 0.9990229353080325 48
