1741706516818 9.901e-05 0
1741706533057 9.802e-05 1
1741706549383 9.703e-05 2
1741706565519 9.604e-05 3
1741706581542 9.504999999999999e-05 4
1741706597535 9.405999999999999e-05 5
1741706613698 9.306999999999999e-05 6
1741706629985 9.207999999999999e-05 7
1741706646240 9.108999999999998e-05 8
1741706662482 9.009999999999998e-05 9
1741706678815 8.910999999999998e-05 10
1741706695043 8.811999999999998e-05 11
1741706711208 8.712999999999997e-05 12
1741706727448 8.613999999999997e-05 13
1741706743585 8.514999999999998e-05 14
1741706759737 8.415999999999998e-05 15
1741706775814 8.316999999999998e-05 16
1741706792076 8.217999999999998e-05 17
1741706807973 8.118999999999997e-05 18
1741706823973 8.019999999999997e-05 19
1741706840157 7.920999999999997e-05 20
1741706855998 7.821999999999997e-05 21
1741706872183 7.722999999999996e-05 22
1741706888318 7.623999999999996e-05 23
1741706904422 7.524999999999996e-05 24
1741706920459 7.425999999999996e-05 25
1741706936354 7.326999999999995e-05 26
1741706952567 7.227999999999995e-05 27
1741706968575 7.128999999999995e-05 28
1741706984869 7.029999999999995e-05 29
1741707000795 6.930999999999994e-05 30
1741707016636 6.831999999999994e-05 31
1741707032684 6.732999999999995e-05 32
1741707048625 6.633999999999995e-05 33
1741707064650 6.534999999999995e-05 34
1741707080567 6.435999999999995e-05 35
1741707096460 6.336999999999994e-05 36
1741707112375 6.237999999999994e-05 37
1741707128243 6.138999999999994e-05 38
