1741706516818 0.4830890642615558 0
1741706533057 0.5702005730659025 1
1741706549383 0.7761506276150628 2
1741706565519 0.7456479690522244 3
1741706581542 0.7173738991192954 4
1741706597535 0.7203647416413373 5
1741706613698 0.7403846153846154 6
1741706629985 0.7434640522875817 7
1741706646240 0.76778413736713 8
1741706662482 0.792358803986711 9
1741706678815 0.7951706910907577 10
1741706695043 0.8119451170298628 11
1741706711208 0.8322884012539185 12
1741706727448 0.8377581120943953 13
1741706743585 0.840754716981132 14
1741706759737 0.8220015278838808 15
1741706775814 0.834841628959276 16
1741706792076 0.8212669683257918 17
1741706807973 0.8710407239819005 18
1741706823973 0.8469170800850461 19
1741706840157 0.8687315634218289 20
1741706855998 0.8607784431137725 21
1741706872183 0.8681318681318682 22
1741706888318 0.8691019786910198 23
1741706904422 0.8751914241960184 24
1741706920459 0.8689704823614111 25
1741706936354 0.8719037508846426 26
1741706952567 0.8920327624720774 27
1741706968575 0.873218304576144 28
1741706984869 0.8968678380443086 29
1741707000795 0.9058561897702001 30
1741707016636 0.9031531531531531 31
1741707032684 0.9065217391304348 32
1741707048625 0.8936781609195402 33
1741707064650 0.9253393665158371 34
1741707080567 0.9125642909625276 35
1741707096460 0.914033798677443 36
1741707112375 0.913768115942029 37
1741707128243 0.9047619047619048 38
