1741706516818 0.6371747211895911 0
1741706533057 0.6025738077214232 1
1741706549383 0.2871517027863777 2
1741706565519 0.5749440715883669 3
1741706581542 0.6711610486891386 4
1741706597535 0.7101123595505618 5
1741706613698 0.63732129420617 6
1741706629985 0.6873111782477341 7
1741706646240 0.6929889298892989 8
1741706662482 0.7151424287856072 9
1741706678815 0.7449297971918877 10
1741706695043 0.746844840386043 11
1741706711208 0.7884187082405345 12
1741706727448 0.8389955686853766 13
1741706743585 0.822140221402214 14
1741706759737 0.8367029548989113 15
1741706775814 0.8361027190332326 16
1741706792076 0.8415765069551777 17
1741706807973 0.8580980683506686 18
1741706823973 0.8832224685883222 19
1741706840157 0.8561046511627907 20
1741706855998 0.8745247148288974 21
1741706872183 0.8706833210874357 22
1741706888318 0.8724216959511077 23
1741706904422 0.8758620689655172 24
1741706920459 0.8848973607038123 25
1741706936354 0.8992700729927007 26
1741706952567 0.886094674556213 27
1741706968575 0.9016266460108443 28
1741706984869 0.8961832061068702 29
1741707000795 0.9153558052434457 30
1741707016636 0.8984316654219567 31
1741707032684 0.9198529411764705 32
1741707048625 0.9235337787676318 33
1741707064650 0.9075443786982249 34
1741707080567 0.9139072847682119 35
1741707096460 0.9228486646884273 36
1741707112375 0.9258443465491923 37
1741707128243 0.9198184568835098 38
