1741706516818 0.47281058834743506 0
1741706533057 0.5790646816384893 1
1741706549383 0.6047796222416297 2
1741706565519 0.6885998553430556 3
1741706581542 0.7034697459014555 4
1741706597535 0.7173316288770774 5
1741706613698 0.7080049093981671 6
1741706629985 0.7271002810318106 7
1741706646240 0.7385917293823395 8
1741706662482 0.7640783198527886 9
1741706678815 0.7839119828292052 10
1741706695043 0.7854314836371303 11
1741706711208 0.8133936441504788 12
1741706727448 0.8359746256486869 13
1741706743585 0.8309029374488274 14
1741706759737 0.8342359539837517 15
1741706775814 0.8367596000511375 16
1741706792076 0.8347316085974146 17
1741706807973 0.8645207322885418 18
1741706823973 0.8596688974201095 19
1741706840157 0.8593264568555266 20
1741706855998 0.8686782866179885 21
1741706872183 0.866639370467382 22
1741706888318 0.873068410383777 23
1741706904422 0.8782677841167263 24
1741706920459 0.8728235847130384 25
1741706936354 0.8800731610159507 26
1741706952567 0.888081454033224 27
1741706968575 0.889581438947451 28
1741706984869 0.898495717675037 29
1741707000795 0.9101479625019623 30
1741707016636 0.9007924092875549 31
1741707032684 0.9107273859200431 32
1741707048625 0.9058756507131209 33
1741707064650 0.9162437587198479 34
1741707080567 0.9116030326280083 35
1741707096460 0.9172066452693838 36
1741707112375 0.9174676278200508 37
1741707128243 0.9124666784046904 38
