1741706516818 0.6964277341252282 0
1741706533057 0.6862512159915197 1
1741706549383 0.676348266857011 2
1741706565519 0.6671524587131682 3
1741706581542 0.6562642816986356 4
1741706597535 0.6444440909794399 5
1741706613698 0.6321604450543722 6
1741706629985 0.615534531218665 7
1741706646240 0.5965188897791363 8
1741706662482 0.5692445252622876 9
1741706678815 0.535546192810649 10
1741706695043 0.5172324595706803 11
1741706711208 0.47492946187655133 12
1741706727448 0.42881201917216893 13
1741706743585 0.41193843349104836 14
1741706759737 0.3934001354944138 15
1741706775814 0.37736983881110236 16
1741706792076 0.3688481767617521 17
1741706807973 0.33456883100526674 18
1741706823973 0.3280083340193544 19
1741706840157 0.32560875320008825 20
1741706855998 0.3059427399365675 21
1741706872183 0.30642362417919294 22
1741706888318 0.2962942204127709 23
1741706904422 0.2841436572018124 24
1741706920459 0.28965004604487193 25
1741706936354 0.271286441013217 26
1741706952567 0.26270564397176105 27
1741706968575 0.276287253059092 28
1741706984869 0.24216676157500064 29
1741707000795 0.22282757973741918 30
1741707016636 0.23106207104311102 31
1741707032684 0.22512430200974146 32
1741707048625 0.2257022393778676 33
1741707064650 0.22054130335648855 34
1741707080567 0.20907678428505147 35
1741707096460 0.20053787906432435 36
1741707112375 0.2104485629215127 37
1741707128243 0.21117049863650686 38
