1741706516818 0.4739797828528641 0
1741706533057 0.5788094346686634 1
1741706549383 0.6151254211905653 2
1741706565519 0.6881317858479971 3
1741706581542 0.703481842006739 4
1741706597535 0.7173343317109697 5
1741706613698 0.7083489329839011 6
1741706629985 0.7274429052789217 7
1741706646240 0.7379258704605017 8
1741706662482 0.7641332834144515 9
1741706678815 0.7854736053912392 10
1741706695043 0.7850992137776114 11
1741706711208 0.8131785847997005 12
1741706727448 0.8360164732309996 13
1741706743585 0.8307749906402097 14
1741706759737 0.8341445151628604 15
1741706775814 0.8367652564582553 16
1741706792076 0.8345189067764882 17
1741706807973 0.8644702358667166 18
1741706823973 0.8599775365031823 19
1741706840157 0.8592287532759266 20
1741706855998 0.868588543616623 21
1741706872183 0.8667165855484837 22
1741706888318 0.8730812429801572 23
1741706904422 0.8783227255709473 24
1741706920459 0.8730812429801572 25
1741706936354 0.8805690752527143 26
1741706952567 0.8880569075252714 27
1741706968575 0.889180082366155 28
1741706984869 0.8985398727068513 29
1741707000795 0.9101460127293148 30
1741707016636 0.9007862223886185 31
1741707032684 0.9108947959565705 32
1741707048625 0.9060277049794084 33
1741707064650 0.9161362785473606 34
1741707080567 0.9116435791838263 35
1741707096460 0.9172594533882441 36
1741707112375 0.917633845001872 37
1741707128243 0.912392362411082 38
