1741706516818 0.5495351074062199 0
1741706533057 0.5859403754140596 1
1741706549383 0.4192090395480226 2
1741706565519 0.6492631578947369 3
1741706581542 0.6934984520123839 4
1741706597535 0.7152018106374953 5
1741706613698 0.6849979781641731 6
1741706629985 0.7142857142857143 7
1741706646240 0.7284716834755625 8
1741706662482 0.75177304964539 9
1741706678815 0.7692307692307693 10
1741706695043 0.7780355761794276 11
1741706711208 0.8097598170034311 12
1741706727448 0.8383763837638376 13
1741706743585 0.8313432835820895 14
1741706759737 0.8292870905587668 15
1741706775814 0.8354716981132075 16
1741706792076 0.8312977099236641 17
1741706807973 0.8645209580838323 18
1741706823973 0.8646888567293777 19
1741706840157 0.862371888726208 20
1741706855998 0.8675971331572991 21
1741706872183 0.8694057226705796 22
1741706888318 0.8707586732748761 23
1741706904422 0.875526618153964 24
1741706920459 0.8768616055212496 25
1741706936354 0.8853754940711462 26
1741706952567 0.8890538033395177 27
1741706968575 0.8871951219512195 28
1741706984869 0.8965253913707522 29
1741707000795 0.910581222056632 30
1741707016636 0.9007862223886185 31
1741707032684 0.9131386861313868 32
1741707048625 0.9083607155896313 33
1741707064650 0.9163554891710232 34
1741707080567 0.913235294117647 35
1741707096460 0.9184200812107789 36
1741707112375 0.9197665937272064 37
1741707128243 0.9122280570142536 38
