1741703847343 9.901e-05 0
1741703862967 9.802e-05 1
1741703878216 9.703e-05 2
1741703893482 9.604e-05 3
1741703908860 9.504999999999999e-05 4
1741703924111 9.405999999999999e-05 5
1741703939182 9.306999999999999e-05 6
1741703954386 9.207999999999999e-05 7
1741703969684 9.108999999999998e-05 8
1741703984976 9.009999999999998e-05 9
1741704000117 8.910999999999998e-05 10
1741704015544 8.811999999999998e-05 11
1741704030735 8.712999999999997e-05 12
1741704045898 8.613999999999997e-05 13
1741704061188 8.514999999999998e-05 14
1741704076456 8.415999999999998e-05 15
1741704091814 8.316999999999998e-05 16
1741704107099 8.217999999999998e-05 17
1741704122352 8.118999999999997e-05 18
1741704137621 8.019999999999997e-05 19
1741704152988 7.920999999999997e-05 20
1741704168341 7.821999999999997e-05 21
1741704183541 7.722999999999996e-05 22
1741704198792 7.623999999999996e-05 23
1741704214028 7.524999999999996e-05 24
1741704229427 7.425999999999996e-05 25
1741704244738 7.326999999999995e-05 26
1741704259988 7.227999999999995e-05 27
1741704274990 7.128999999999995e-05 28
1741704289977 7.029999999999995e-05 29
1741704304931 6.930999999999994e-05 30
1741704320132 6.831999999999994e-05 31
1741704335113 6.732999999999995e-05 32
1741704350214 6.633999999999995e-05 33
1741704365185 6.534999999999995e-05 34
1741704380242 6.435999999999995e-05 35
1741704395184 6.336999999999994e-05 36
1741704410216 6.237999999999994e-05 37
1741704425413 6.138999999999994e-05 38
1741704440453 6.039999999999994e-05 39
1741704455556 5.9409999999999934e-05 40
1741704470804 5.841999999999994e-05 41
1741704485757 5.742999999999994e-05 42
1741704500950 5.643999999999994e-05 43
1741704515893 5.5449999999999945e-05 44
1741704530776 5.445999999999995e-05 45
1741704545866 5.3469999999999954e-05 46
1741704560851 5.247999999999996e-05 47
1741704576054 5.1489999999999956e-05 48
1741704591134 5.049999999999996e-05 49
1741704606140 4.950999999999996e-05 50
1741704621251 4.8519999999999956e-05 51
1741704636502 4.752999999999995e-05 52
1741704651497 4.653999999999995e-05 53
1741704666942 4.5549999999999955e-05 54
1741704681819 4.455999999999996e-05 55
1741704696858 4.3569999999999964e-05 56
1741704711720 4.257999999999997e-05 57
1741704726578 4.1589999999999966e-05 58
1741704741520 4.059999999999997e-05 59
1741704756702 3.960999999999997e-05 60
1741704771753 3.8619999999999966e-05 61
1741704786747 3.762999999999997e-05 62
1741704801782 3.6639999999999974e-05 63
1741704816789 3.564999999999997e-05 64
1741704831933 3.465999999999997e-05 65
1741704846920 3.366999999999997e-05 66
1741704862039 3.2679999999999965e-05 67
1741704877066 3.168999999999997e-05 68
1741704892121 3.0699999999999974e-05 69
