1741703847343 0.5018540725280531 0
1741703862967 0.5457881043668774 1
1741703878216 0.5803376706458059 2
1741703893482 0.6435304287690179 3
1741703908860 0.6413058965441875 4
1741703924111 0.6882892920473942 5
1741703939182 0.7026651341695679 6
1741703954386 0.7206440494171411 7
1741703969684 0.7351080854171479 8
1741703984976 0.7281259683059624 9
1741704000117 0.7537956589031489 10
1741704015544 0.7720132120109695 11
1741704030735 0.7822417787613679 12
1741704045898 0.797956422868588 13
1741704061188 0.8178384330520982 14
1741704076456 0.8123208435708436 15
1741704091814 0.8232773584618598 16
1741704107099 0.8240955938299785 17
1741704122352 0.8384343460891506 18
1741704137621 0.8409724319247787 19
1741704152988 0.8239070949427765 20
1741704168341 0.844174538911381 21
1741704183541 0.8388162672476397 22
1741704198792 0.863490686872543 23
1741704214028 0.8605779074529075 24
1741704229427 0.8639588016744 25
1741704244738 0.8611131089540554 26
1741704259988 0.8602067977067978 27
1741704274990 0.8609070229837822 28
1741704289977 0.8736466681996116 29
1741704304931 0.8715252516590548 30
1741704320132 0.8899721853607454 31
1741704335113 0.8917782390589863 32
1741704350214 0.8852761784578174 33
1741704365185 0.9003260311756073 34
1741704380242 0.8923387621428432 35
1741704395184 0.9020269802836387 36
1741704410216 0.8968830615250053 37
1741704425413 0.8968406903358791 38
1741704440453 0.9028420688462204 39
1741704455556 0.9128995376941145 40
1741704470804 0.9089608327501167 41
1741704485757 0.9085403636504463 42
1741704500950 0.9089557399723374 43
1741704515893 0.9037546068796068 44
1741704530776 0.9140054883345229 45
1741704545866 0.9135780177023968 46
1741704560851 0.9225159257720538 47
1741704576054 0.9173894998962442 48
1741704591134 0.9093237634036665 49
1741704606140 0.9171566817025549 50
1741704621251 0.9193458481677277 51
1741704636502 0.9251516593315094 52
1741704651497 0.9268620754996216 53
1741704666942 0.9268492509363295 54
1741704681819 0.9268285766455668 55
1741704696858 0.9387410872792834 56
1741704711720 0.9269281825525825 57
1741704726578 0.9352349508599509 58
1741704741520 0.936864138922202 59
1741704756702 0.9301516760997416 60
1741704771753 0.9230391790735116 61
1741704786747 0.9235730520087588 62
1741704801782 0.9313025428126622 63
1741704816789 0.9350707514217376 64
1741704831933 0.9241053333462448 65
1741704846920 0.952403225180578 66
1741704862039 0.9301639174188194 67
1741704877066 0.9438677986121773 68
1741704892121 0.9425745258577165 69
