1741703847343 0.5018711018711018 0
1741703862967 0.5459459459459459 1
1741703878216 0.587941787941788 2
1741703893482 0.6436590436590437 3
1741703908860 0.6432432432432432 4
1741703924111 0.6877338877338878 5
1741703939182 0.7027027027027027 6
1741703954386 0.720997920997921 7
1741703969684 0.7351351351351352 8
1741703984976 0.7284823284823285 9
1741704000117 0.7538461538461538 10
1741704015544 0.772972972972973 11
1741704030735 0.7821205821205821 12
1741704045898 0.7979209979209979 13
1741704061188 0.8178794178794179 14
1741704076456 0.8124740124740125 15
1741704091814 0.8232848232848233 16
1741704107099 0.8245322245322245 17
1741704122352 0.8386694386694387 18
1741704137621 0.8415800415800416 19
1741704152988 0.8237006237006237 20
1741704168341 0.844906444906445 21
1741704183541 0.8386694386694387 22
1741704198792 0.8636174636174636 23
1741704214028 0.8607068607068608 24
1741704229427 0.8636174636174636 25
1741704244738 0.8611226611226611 26
1741704259988 0.8602910602910603 27
1741704274990 0.8611226611226611 28
1741704289977 0.8740124740124741 29
1741704304931 0.8715176715176716 30
1741704320132 0.8893970893970894 31
1741704335113 0.8918918918918919 32
1741704350214 0.8852390852390852 33
1741704365185 0.9002079002079002 34
1741704380242 0.8927234927234927 35
1741704395184 0.9022869022869023 36
1741704410216 0.8964656964656965 37
1741704425413 0.8968814968814969 38
1741704440453 0.9027027027027027 39
1741704455556 0.9130977130977131 40
1741704470804 0.908939708939709 41
1741704485757 0.9085239085239085 42
1741704500950 0.908939708939709 43
1741704515893 0.903950103950104 44
1741704530776 0.913929313929314 45
1741704545866 0.9135135135135135 46
1741704560851 0.9222453222453223 47
1741704576054 0.9172557172557173 48
1741704591134 0.9093555093555094 49
1741704606140 0.9172557172557173 50
1741704621251 0.9193347193347193 51
1741704636502 0.9251559251559252 52
1741704651497 0.9268191268191268 53
1741704666942 0.9264033264033265 54
1741704681819 0.9268191268191268 55
1741704696858 0.9384615384615385 56
1741704711720 0.9264033264033265 57
1741704726578 0.9351351351351351 58
1741704741520 0.9367983367983368 59
1741704756702 0.9301455301455301 60
1741704771753 0.9230769230769231 61
1741704786747 0.923908523908524 62
1741704801782 0.930977130977131 63
1741704816789 0.9351351351351351 64
1741704831933 0.923908523908524 65
1741704846920 0.9521829521829522 66
1741704862039 0.9301455301455301 67
1741704877066 0.9438669438669439 68
1741704892121 0.9426195426195426 69
