1741703847343 0.5019215987701768 0
1741703862967 0.5451010886469674 1
1741703878216 0.6309341500765697 2
1741703893482 0.6628679962013295 3
1741703908860 0.6126804770872567 4
1741703924111 0.7222757955641272 5
1741703939182 0.671830985915493 6
1741703954386 0.7593688362919132 7
1741703969684 0.7332242225859247 8
1741703984976 0.7190661478599222 9
1741704000117 0.7618636755823986 10
1741704015544 0.7809954751131222 11
1741704030735 0.7956896551724137 12
1741704045898 0.8031693077564637 13
1741704061188 0.819672131147541 14
1741704076456 0.8109854604200323 15
1741704091814 0.8352027610008628 16
1741704107099 0.840929401251117 17
1741704122352 0.8503937007874016 18
1741704137621 0.8420123565754634 19
1741704152988 0.8377230246389125 20
1741704168341 0.834108527131783 21
1741704183541 0.8513169073916738 22
1741704198792 0.8541666666666666 23
1741704214028 0.8584142394822006 24
1741704229427 0.8482587064676617 25
1741704244738 0.855973813420622 26
1741704259988 0.8605442176870748 27
1741704274990 0.8579454253611557 28
1741704289977 0.8753968253968254 29
1741704304931 0.8667763157894737 30
1741704320132 0.870216306156406 31
1741704335113 0.8913601368691189 32
1741704350214 0.8796296296296297 33
1741704365185 0.8887980376124285 34
1741704380242 0.8874801901743264 35
1741704395184 0.8947368421052632 36
1741704410216 0.8786885245901639 37
1741704425413 0.9011345218800648 38
1741704440453 0.9115702479338843 39
1741704455556 0.9019138755980861 40
1741704470804 0.895330112721417 41
1741704485757 0.8978102189781022 42
1741704500950 0.9023789991796555 43
1741704515893 0.8966346153846154 44
1741704530776 0.8998384491114702 45
1741704545866 0.9076406381192276 46
1741704560851 0.9105485232067511 47
1741704576054 0.9074380165289256 48
1741704591134 0.9076271186440678 49
1741704606140 0.910266774454325 50
1741704621251 0.9168053244592346 51
1741704636502 0.9224422442244224 52
1741704651497 0.91417004048583 53
1741704666942 0.9110738255033557 54
1741704681819 0.9245599329421627 55
1741704696858 0.9242174629324547 56
1741704711720 0.9099326599326599 57
1741704726578 0.9276206322795341 58
1741704741520 0.9296939619520265 59
1741704756702 0.9283930058284763 60
1741704771753 0.9168704156479217 61
1741704786747 0.9215530903328051 62
1741704801782 0.9159109645507008 63
1741704816789 0.9324104234527687 64
1741704831933 0.9100572363041701 65
1741704846920 0.9433962264150944 66
1741704862039 0.927257525083612 67
1741704877066 0.9457429048414023 68
1741704892121 0.9395424836601307 69
