1741703847343 0.542809642560266 0
1741703862967 0.5802980132450332 1
1741703878216 0.35456110154905335 2
1741703893482 0.5816666666666667 3
1741703908860 0.8019720624486442 4
1741703924111 0.6179867986798679 5
1741703939182 0.7930174563591023 6
1741703954386 0.6432748538011696 7
1741703969684 0.7423363711681856 8
1741703984976 0.7598684210526315 9
1741704000117 0.7364470391993327 10
1741704015544 0.739502999143102 11
1741704030735 0.7628099173553718 12
1741704045898 0.7938994229183842 13
1741704061188 0.8210180623973727 14
1741704076456 0.8222768222768223 15
1741704091814 0.8053244592346089 16
1741704107099 0.7940928270042195 17
1741704122352 0.8174936921783011 18
1741704137621 0.8252595155709342 19
1741704152988 0.8088597210828548 20
1741704168341 0.8712550607287449 21
1741704183541 0.8246913580246914 22
1741704198792 0.8795379537953796 23
1741704214028 0.868959868959869 24
1741704229427 0.8758561643835616 25
1741704244738 0.8687707641196013 26
1741704259988 0.8547297297297297 27
1741704274990 0.8719412724306689 28
1741704289977 0.8831064851881505 29
1741704304931 0.8776019983347211 30
1741704320132 0.9048442906574394 31
1741704335113 0.8868085106382979 32
1741704350214 0.8870967741935484 33
1741704365185 0.9126784214945424 34
1741704380242 0.9061488673139159 35
1741704395184 0.9159183673469388 36
1741704410216 0.9138959931798807 37
1741704425413 0.8982229402261712 38
1741704440453 0.8967479674796748 39
1741704455556 0.9293344289235825 40
1741704470804 0.925895087427144 41
1741704485757 0.9217318900915903 42
1741704500950 0.9166666666666666 43
1741704515893 0.9164619164619164 44
1741704530776 0.9306599832915622 45
1741704545866 0.9168787107718406 46
1741704560851 0.9301724137931034 47
1741704576054 0.9265822784810127 48
1741704591134 0.9076271186440678 49
1741704606140 0.9275123558484349 50
1741704621251 0.9214046822742475 51
1741704636502 0.9285714285714286 52
1741704651497 0.9416180150125104 53
1741704666942 0.9386343993085566 54
1741704681819 0.9276703111858705 55
1741704696858 0.9524617996604414 56
1741704711720 0.9391833188531712 57
1741704726578 0.941722972972973 58
1741704741520 0.943744752308984 59
1741704756702 0.9314954051796157 60
1741704771753 0.9312913907284768 61
1741704786747 0.9326383319967922 62
1741704801782 0.945531914893617 63
1741704816789 0.9400656814449918 64
1741704831933 0.9384485666104553 65
1741704846920 0.9573542210617929 66
1741704862039 0.9319327731092437 67
1741704877066 0.941812136325852 68
1741704892121 0.9472817133443163 69
