1741703847343 0.6944719396139446 0
1741703862967 0.6895978756641087 1
1741703878216 0.6842052175810462 2
1741703893482 0.679616812028383 3
1741703908860 0.6740395920841318 4
1741703924111 0.6680440714484767 5
1741703939182 0.6600283172569776 6
1741703954386 0.6535499378254539 7
1741703969684 0.6448001226312235 8
1741703984976 0.6350307762622833 9
1741704000117 0.6182184054663307 10
1741704015544 0.597271768670333 11
1741704030735 0.5792787247582486 12
1741704045898 0.5523750676136268 13
1741704061188 0.5204714442554274 14
1741704076456 0.49567844718694687 15
1741704091814 0.4647871142155246 16
1741704107099 0.4424583370748319 17
1741704122352 0.41010898645771177 18
1741704137621 0.3953144636593367 19
1741704152988 0.4073583001368924 20
1741704168341 0.3711764163484699 21
1741704183541 0.3730984538009292 22
1741704198792 0.3368222433093347 23
1741704214028 0.3375234974450187 24
1741704229427 0.3264724390679284 25
1741704244738 0.3208062405648984 26
1741704259988 0.32520750537514687 27
1741704274990 0.32345402828956904 28
1741704289977 0.3112974794287431 29
1741704304931 0.3060172257062636 30
1741704320132 0.2866697089844628 31
1741704335113 0.2684889618111284 32
1741704350214 0.2786796096908419 33
1741704365185 0.2493348054979977 34
1741704380242 0.2568546101254852 35
1741704395184 0.24508466610783025 36
1741704410216 0.24256746598372333 37
1741704425413 0.2612204728157897 38
1741704440453 0.23325801905440657 39
1741704455556 0.22046669062815213 40
1741704470804 0.22693915086749353 41
1741704485757 0.22230889118815722 42
1741704500950 0.22709185345784613 43
1741704515893 0.23133858214867742 44
1741704530776 0.2145838023800599 45
1741704545866 0.21397420626721883 46
1741704560851 0.19880998056185872 47
1741704576054 0.19980151961116413 48
1741704591134 0.22243828973487803 49
1741704606140 0.1980598881644638 50
1741704621251 0.19828947305091119 51
1741704636502 0.18874329308930196 52
1741704651497 0.17975233995208614 53
1741704666942 0.18846098961014496 54
1741704681819 0.17948369941625156 55
1741704696858 0.16235296310562836 56
1741704711720 0.1842154908533159 57
1741704726578 0.17085066128914295 58
1741704741520 0.17203522890217995 59
1741704756702 0.17166257659463505 60
1741704771753 0.18594593025351824 61
1741704786747 0.17715353621660093 62
1741704801782 0.17808659036496752 63
1741704816789 0.1683815383891526 64
1741704831933 0.18495341047252478 65
1741704846920 0.14387516530328676 66
1741704862039 0.1811585370451212 67
1741704877066 0.15021255406502046 68
1741704892121 0.15018668211996555 69
