1741703847343 0.5215654952076677 0
1741703862967 0.56214915797915 1
1741703878216 0.4539944903581267 2
1741703893482 0.619618286728806 3
1741703908860 0.6946619217081851 4
1741703924111 0.666073810582481 5
1741703939182 0.7274113610369806 6
1741703954386 0.6965174129353234 7
1741703969684 0.7377521613832853 8
1741703984976 0.7389044382247101 9
1741704000117 0.7489397794741306 10
1741704015544 0.7596830985915493 11
1741704030735 0.7789029535864979 12
1741704045898 0.7985074626865671 13
1741704061188 0.8203445447087777 14
1741704076456 0.8165921106140708 15
1741704091814 0.81999152901313 16
1741704107099 0.8168402777777778 17
1741704122352 0.8336192109777015 18
1741704137621 0.8335517693315858 19
1741704152988 0.8230383973288815 20
1741704168341 0.8522772277227723 21
1741704183541 0.8377926421404682 22
1741704198792 0.8666666666666667 23
1741704214028 0.8636548636548637 24
1741704229427 0.8618365627632687 25
1741704244738 0.8623248145094806 26
1741704259988 0.8576271186440678 27
1741704274990 0.8648867313915858 28
1741704289977 0.8792347548824233 29
1741704304931 0.8721555647496897 30
1741704320132 0.8871925360474979 31
1741704335113 0.8890784982935154 32
1741704350214 0.8833474218089603 33
1741704365185 0.9005799502899752 34
1741704380242 0.8967173738991193 35
1741704395184 0.9052037111738604 36
1741704410216 0.8959465106560802 37
1741704425413 0.8996763754045307 38
1741704440453 0.9040983606557377 39
1741704455556 0.915418858761635 40
1741704470804 0.9103561195251739 41
1741704485757 0.9096138044371405 42
1741704500950 0.909466721785862 43
1741704515893 0.9064398541919806 44
1741704530776 0.9149897330595482 45
1741704545866 0.9122362869198313 46
1741704560851 0.9202558635394457 47
1741704576054 0.9169102296450939 48
1741704591134 0.9076271186440678 49
1741704606140 0.9188086495308038 50
1741704621251 0.9190992493744787 51
1741704636502 0.9254966887417219 52
1741704651497 0.9276910435497124 53
1741704666942 0.9246487867177522 54
1741704681819 0.926112510495382 55
1741704696858 0.9381270903010034 56
1741704711720 0.9243266353142369 57
1741704726578 0.9346186085498742 58
1741704741520 0.9366666666666666 59
1741704756702 0.9299416180150125 60
1741704771753 0.9240246406570842 61
1741704786747 0.9270625747309685 62
1741704801782 0.9304857621440537 63
1741704816789 0.9362224039247752 64
1741704831933 0.9240348692403487 65
1741704846920 0.9503239740820735 66
1741704862039 0.9295892707460185 67
1741704877066 0.9437734277384423 68
1741704892121 0.9433962264150944 69
