1743321046620 9.901e-05 0
1743321061820 9.802e-05 1
1743321077163 9.703e-05 2
1743321092517 9.604e-05 3
1743321107861 9.504999999999999e-05 4
1743321122868 9.405999999999999e-05 5
1743321137967 9.306999999999999e-05 6
1743321153330 9.207999999999999e-05 7
1743321168612 9.108999999999998e-05 8
1743321183897 9.009999999999998e-05 9
1743321199193 8.910999999999998e-05 10
1743321214613 8.811999999999998e-05 11
1743321229926 8.712999999999997e-05 12
1743321245169 8.613999999999997e-05 13
1743321260490 8.514999999999998e-05 14
1743321275791 8.415999999999998e-05 15
1743321291055 8.316999999999998e-05 16
1743321306369 8.217999999999998e-05 17
1743321321586 8.118999999999997e-05 18
1743321336830 8.019999999999997e-05 19
1743321352249 7.920999999999997e-05 20
1743321367628 7.821999999999997e-05 21
1743321382785 7.722999999999996e-05 22
1743321398046 7.623999999999996e-05 23
1743321413297 7.524999999999996e-05 24
1743321428676 7.425999999999996e-05 25
1743321444033 7.326999999999995e-05 26
1743321459006 7.227999999999995e-05 27
1743321474011 7.128999999999995e-05 28
1743321489315 7.029999999999995e-05 29
1743321504496 6.930999999999994e-05 30
1743321519626 6.831999999999994e-05 31
1743321534980 6.732999999999995e-05 32
1743321549918 6.633999999999995e-05 33
1743321564880 6.534999999999995e-05 34
1743321579975 6.435999999999995e-05 35
1743321595071 6.336999999999994e-05 36
1743321610257 6.237999999999994e-05 37
1743321625196 6.138999999999994e-05 38
1743321640193 6.039999999999994e-05 39
1743321655279 5.9409999999999934e-05 40
1743321670227 5.841999999999994e-05 41
