1743321046620 0.710204081632653 0
1743321061820 0.5527847049044057 1
1743321077163 0.4599332220367279 2
1743321092517 0.6271893244370309 3
1743321107861 0.5248344370860927 4
1743321122868 0.6281124497991968 5
1743321137967 0.6114754098360655 6
1743321153330 0.6 7
1743321168612 0.5859504132231405 8
1743321183897 0.58 9
1743321199193 0.6154471544715447 10
1743321214613 0.6118421052631579 11
1743321229926 0.6568867155664222 12
1743321245169 0.6658395368072787 13
1743321260490 0.6372212692967409 14
1743321275791 0.6898263027295285 15
1743321291055 0.74 16
1743321306369 0.7533003300330033 17
1743321321586 0.7852512155591572 18
1743321336830 0.802653399668325 19
1743321352249 0.815 20
1743321367628 0.8237774030354131 21
1743321382785 0.8430089942763695 22
1743321398046 0.8266228430566968 23
1743321413297 0.835956917978459 24
1743321428676 0.8425 25
1743321444033 0.8522167487684729 26
1743321459006 0.8560855263157895 27
1743321474011 0.8795379537953796 28
1743321489315 0.8694241686942417 29
1743321504496 0.9037216828478964 30
1743321519626 0.8935108153078203 31
1743321534980 0.8792958927074602 32
1743321549918 0.8930041152263375 33
1743321564880 0.8894601542416453 34
1743321579975 0.9029850746268657 35
1743321595071 0.8913601368691189 36
1743321610257 0.8808724832214765 37
1743321625196 0.9061433447098977 38
1743321640193 0.8887043189368771 39
1743321655279 0.8963562753036437 40
1743321670227 0.915268456375839 41
