1743321046620 0.6128918633321592 0
1743321061820 0.5892778023925564 1
1743321077163 0.5742574257425742 2
1743321092517 0.6550522648083623 3
1743321107861 0.6330504243634548 4
1743321122868 0.6715328467153284 5
1743321137967 0.6569793042712462 6
1743321153330 0.675 7
1743321168612 0.6682375117813384 8
1743321183897 0.6666666666666666 9
1743321199193 0.6875567665758402 10
1743321214613 0.68729792147806 11
1743321229926 0.7261261261261261 12
1743321245169 0.7365050320219579 13
1743321260490 0.7252318204001952 14
1743321275791 0.7561196736174071 15
1743321291055 0.7704989154013016 16
1743321306369 0.7820128479657388 17
1743321321586 0.8044831880448319 18
1743321336830 0.8151578947368421 19
1743321352249 0.8235789473684211 20
1743321367628 0.8175732217573222 21
1743321382785 0.8351559335763467 22
1743321398046 0.825944170771757 23
1743321413297 0.8311367380560132 24
1743321428676 0.8435544430538173 25
1743321444033 0.8522167487684729 26
1743321459006 0.8518821603927987 27
1743321474011 0.8680781758957655 28
1743321489315 0.8662626262626263 29
1743321504496 0.8837025316455697 30
1743321519626 0.8781684382665577 31
1743321534980 0.8730753225135247 32
1743321549918 0.8824725498169987 33
1743321564880 0.8759493670886076 34
1743321579975 0.8926229508196721 35
1743321595071 0.8826768318509106 36
1743321610257 0.8808724832214765 37
1743321625196 0.8887029288702929 38
1743321640193 0.8853951179147703 39
1743321655279 0.9 40
1743321670227 0.8990523279769262 41
