1743321046620 0.5468998867152495 0
1743321061820 0.6181336055034641 1
1743321077163 0.6610849254429992 2
1743321092517 0.6736919858194887 3
1743321107861 0.6966492446868372 4
1743321122868 0.6868447674438276 5
1743321137967 0.6799126224097818 6
1743321153330 0.7112571898110107 7
1743321168612 0.7099146501467585 8
1743321183897 0.7120779220779221 9
1743321199193 0.7182893010294495 10
1743321214613 0.7216282894736842 11
1743321229926 0.7508499967873604 12
1743321245169 0.7626008804232633 13
1743321260490 0.7633183755646422 14
1743321275791 0.7782737400810358 15
1743321291055 0.7819318181818182 16
1743321306369 0.7905845912460099 17
1743321321586 0.8066489800667239 18
1743321336830 0.8193528009760874 19
1743321352249 0.8275487012987013 20
1743321367628 0.8207972087408206 21
1743321382785 0.8325880372539829 22
1743321398046 0.8256571005406941 23
1743321413297 0.8314478467443316 24
1743321428676 0.845762987012987 25
1743321444033 0.8519732837746812 26
1743321459006 0.8511513157894737 27
1743321474011 0.8668181572255587 28
1743321489315 0.8638196740051692 29
1743321504496 0.8787003063068913 30
1743321519626 0.8776497165969996 31
1743321534980 0.8746761949413007 32
1743321549918 0.8811774890018295 33
1743321564880 0.8795126858164748 34
1743321579975 0.8923571376396972 35
1743321595071 0.8862976456317091 36
1743321610257 0.8831781770946092 37
1743321625196 0.8911669104501869 38
1743321640193 0.8861274037681128 39
1743321655279 0.8988882462566673 40
1743321670227 0.8995697120588872 41
