1743321046620 0.5390334572490706 0
1743321061820 0.6309297912713473 1
1743321077163 0.7642163661581137 2
1743321092517 0.6855059252506837 3
1743321107861 0.7974842767295598 4
1743321122868 0.7214022140221402 5
1743321137967 0.7098001902949572 6
1743321153330 0.7714285714285715 7
1743321168612 0.7774122807017544 8
1743321183897 0.7837837837837838 9
1743321199193 0.7788065843621399 10
1743321214613 0.7839831401475237 11
1743321229926 0.8116817724068479 12
1743321245169 0.8239508700102354 13
1743321260490 0.8414496036240091 14
1743321275791 0.8365095285857572 15
1743321291055 0.8036199095022625 16
1743321306369 0.8130008904719501 17
1743321321586 0.8246808510638298 18
1743321336830 0.8280581693755347 19
1743321352249 0.8323404255319149 20
1743321367628 0.8114617940199336 21
1743321382785 0.8274478330658106 22
1743321398046 0.8252666119770303 23
1743321413297 0.8263718263718264 24
1743321428676 0.8446115288220551 25
1743321444033 0.8522167487684729 26
1743321459006 0.8477198697068404 27
1743321474011 0.8569131832797428 28
1743321489315 0.8631239935587761 29
1743321504496 0.8645510835913313 30
1743321519626 0.8633440514469454 31
1743321534980 0.8669421487603306 32
1743321549918 0.8721864951768489 33
1743321564880 0.8628428927680798 34
1743321579975 0.8824959481361426 35
1743321595071 0.8741610738255033 36
1743321610257 0.8808724832214765 37
1743321625196 0.8719211822660099 38
1743321640193 0.8821104699093157 39
1743321655279 0.9036734693877551 40
1743321670227 0.8834008097165992 41
