1743321046620 0.6894544998281881 0
1743321061820 0.6838824913689965 1
1743321077163 0.6755409044654745 2
1743321092517 0.6659520503721739 3
1743321107861 0.6571171393519953 4
1743321122868 0.6507800331241206 5
1743321137967 0.6392435384424109 6
1743321153330 0.6242242588808662 7
1743321168612 0.6131881812685415 8
1743321183897 0.5984069838335639 9
1743321199193 0.579603008533779 10
1743321214613 0.5667908983795267 11
1743321229926 0.5431326631652681 12
1743321245169 0.5202685641615015 13
1743321260490 0.503325912513231 14
1743321275791 0.474297039995068 15
1743321291055 0.46331858674162313 16
1743321306369 0.44957953573841797 17
1743321321586 0.42220492935494375 18
1743321336830 0.407041215190762 19
1743321352249 0.383343784824798 20
1743321367628 0.37770917266607285 21
1743321382785 0.37335821633276184 22
1743321398046 0.3586293180522166 23
1743321413297 0.3695824957991901 24
1743321428676 0.33314281074624313 25
1743321444033 0.334489663180552 26
1743321459006 0.3244304905988668 27
1743321474011 0.294788805277724 28
1743321489315 0.30332700731722934 29
1743321504496 0.29395041516736936 30
1743321519626 0.2817188140593077 31
1743321534980 0.288916037859101 32
1743321549918 0.28027037158608437 33
1743321564880 0.27392342255303737 34
1743321579975 0.2618704249004 35
1743321595071 0.2623880782997922 36
1743321610257 0.273624432518294 37
1743321625196 0.2561553210804337 38
1743321640193 0.25908686436320605 39
1743321655279 0.24471313565185196 40
1743321670227 0.22975968804798627 41
