1743321046620 0.548108552631579 0
1743321061820 0.6188322368421053 1
1743321077163 0.6640625 2
1743321092517 0.6743421052631579 3
1743321107861 0.6977796052631579 4
1743321122868 0.6854440789473685 5
1743321137967 0.6796875 6
1743321153330 0.7113486842105263 7
1743321168612 0.7105263157894737 8
1743321183897 0.7138157894736842 9
1743321199193 0.7171052631578947 10
1743321214613 0.7216282894736842 11
1743321229926 0.75 12
1743321245169 0.7631578947368421 13
1743321260490 0.7685032894736842 14
1743321275791 0.7787828947368421 15
1743321291055 0.782483552631579 16
1743321306369 0.7907072368421053 17
1743321321586 0.8063322368421053 18
1743321336830 0.8194901315789473 19
1743321352249 0.8277138157894737 20
1743321367628 0.8207236842105263 21
1743321382785 0.8326480263157895 22
1743321398046 0.8256578947368421 23
1743321413297 0.8314144736842105 24
1743321428676 0.8458059210526315 25
1743321444033 0.8519736842105263 26
1743321459006 0.8511513157894737 27
1743321474011 0.8667763157894737 28
1743321489315 0.8638980263157895 29
1743321504496 0.8791118421052632 30
1743321519626 0.8774671052631579 31
1743321534980 0.8745888157894737 32
1743321549918 0.8811677631578947 33
1743321564880 0.8791118421052632 34
1743321579975 0.8922697368421053 35
1743321595071 0.8861019736842105 36
1743321610257 0.8832236842105263 37
1743321625196 0.890625 38
1743321640193 0.8861019736842105 39
1743321655279 0.8988486842105263 40
1743321670227 0.8992598684210527 41
