1741087756086 9.9001e-05 0
1741087770845 9.800199999999999e-05 1
1741087785670 9.700299999999998e-05 2
1741087800564 9.600399999999998e-05 3
1741087815450 9.500499999999998e-05 4
1741087830699 9.400599999999998e-05 5
1741087845593 9.300699999999999e-05 6
1741087860648 9.200799999999999e-05 7
1741087875666 9.1009e-05 8
1741087890777 9.000999999999999e-05 9
1741087906029 8.901099999999999e-05 10
1741087921117 8.801199999999998e-05 11
1741087936305 8.701299999999999e-05 12
1741087951369 8.6014e-05 13
1741087966645 8.5015e-05 14
1741087981682 8.401599999999999e-05 15
1741087996940 8.3017e-05 16
1741088012044 8.201799999999999e-05 17
1741088027290 8.101899999999999e-05 18
1741088042490 8.001999999999998e-05 19
1741088057842 7.902099999999999e-05 20
1741088073091 7.802199999999999e-05 21
1741088088385 7.7023e-05 22
1741088103703 7.602399999999999e-05 23
1741088118850 7.5025e-05 24
1741088133755 7.4026e-05 25
1741088148716 7.302699999999999e-05 26
1741088163642 7.2028e-05 27
1741088178584 7.102899999999999e-05 28
1741088193745 7.002999999999998e-05 29
1741088208673 6.903099999999998e-05 30
1741088223703 6.803199999999997e-05 31
1741088238832 6.703299999999997e-05 32
1741088253608 6.603399999999997e-05 33
1741088268574 6.503499999999998e-05 34
1741088283516 6.403599999999998e-05 35
1741088298416 6.303699999999997e-05 36
1741088313419 6.203799999999998e-05 37
1741088328629 6.103899999999998e-05 38
1741088343825 6.003999999999999e-05 39
1741088358768 5.904099999999999e-05 40
1741088373817 5.804199999999999e-05 41
1741088388645 5.704299999999999e-05 42
1741088403441 5.604399999999999e-05 43
1741088418151 5.5044999999999985e-05 44
1741088432935 5.4045999999999984e-05 45
1741088447945 5.304699999999999e-05 46
1741088462997 5.204799999999999e-05 47
1741088477724 5.104899999999999e-05 48
