1741087756086 0.4798519736842105 0
1741087770845 0.5694901315789473 1
1741087785670 0.634046052631579 2
1741087800564 0.6685855263157895 3
1741087815450 0.670641447368421 4
1741087830699 0.6994243421052632 5
1741087845593 0.6912006578947368 6
1741087860648 0.696546052631579 7
1741087875666 0.7014802631578947 8
1741087890777 0.7142269736842105 9
1741087906029 0.7245065789473685 10
1741087921117 0.7351973684210527 11
1741087936305 0.7323190789473685 12
1741087951369 0.7483552631578947 13
1741087966645 0.7602796052631579 14
1741087981682 0.7697368421052632 15
1741087996940 0.7927631578947368 16
1741088012044 0.78125 17
1741088027290 0.8075657894736842 18
1741088042490 0.8186677631578947 19
1741088057842 0.8322368421052632 20
1741088073091 0.8252467105263158 21
1741088088385 0.84375 22
1741088103703 0.8305921052631579 23
1741088118850 0.842516447368421 24
1741088133755 0.837171052631579 25
1741088148716 0.8490953947368421 26
1741088163642 0.8601973684210527 27
1741088178584 0.8638980263157895 28
1741088193745 0.8680098684210527 29
1741088208673 0.8721217105263158 30
1741088223703 0.8778782894736842 31
1741088238832 0.8799342105263158 32
1741088253608 0.8787006578947368 33
1741088268574 0.8848684210526315 34
1741088283516 0.9004934210526315 35
1741088298416 0.8852796052631579 36
1741088313419 0.8881578947368421 37
1741088328629 0.8992598684210527 38
1741088343825 0.8865131578947368 39
1741088358768 0.9009046052631579 40
1741088373817 0.8959703947368421 41
1741088388645 0.9017269736842105 42
1741088403441 0.9025493421052632 43
1741088418151 0.9083059210526315 44
1741088432935 0.9083059210526315 45
1741088447945 0.9173519736842105 46
1741088462997 0.9136513157894737 47
1741088477724 0.907483552631579 48
