1741087756086 0.48091042584434657 0
1741087770845 0.56732223903177 1
1741087785670 0.6994301994301995 2
1741087800564 0.8210862619808307 3
1741087815450 0.6694146743610883 4
1741087830699 0.7658643326039387 5
1741087845593 0.7478070175438597 6
1741087860648 0.7661016949152543 7
1741087875666 0.7581493165089379 8
1741087890777 0.7744282744282744 9
1741087906029 0.7896995708154506 10
1741087921117 0.8008658008658008 11
1741087936305 0.8023133543638276 12
1741087951369 0.8045862412761715 13
1741087966645 0.8003731343283582 14
1741087981682 0.821969696969697 15
1741087996940 0.8209366391184573 16
1741088012044 0.8122020972354623 17
1741088027290 0.8230165649520488 18
1741088042490 0.8336236933797909 19
1741088057842 0.8409658617818485 20
1741088073091 0.8135593220338984 21
1741088088385 0.8477034649476228 22
1741088103703 0.8181069958847736 23
1741088118850 0.8360528360528361 24
1741088133755 0.8308457711442786 25
1741088148716 0.834281072298944 26
1741088163642 0.8680327868852459 27
1741088178584 0.8642745709828393 28
1741088193745 0.85423197492163 29
1741088208673 0.872564935064935 30
1741088223703 0.8663324979114453 31
1741088238832 0.8783557046979866 32
1741088253608 0.8775344687753447 33
1741088268574 0.8844262295081967 34
1741088283516 0.8955572876071707 35
1741088298416 0.8723570869224746 36
1741088313419 0.8821576763485477 37
1741088328629 0.8985623003194888 38
1741088343825 0.8957006369426752 39
1741088358768 0.9004016064257028 40
1741088373817 0.887713588283157 41
1741088388645 0.8997555012224939 42
1741088403441 0.9033546325878594 43
1741088418151 0.8987951807228916 44
1741088432935 0.9011532125205931 45
1741088447945 0.9079054604726976 46
1741088462997 0.9207419898819561 47
1741088477724 0.8991596638655462 48
