1741087756086 0.5087378640776699 0
1741087770845 0.5889281507656066 1
1741087785670 0.5245726495726496 2
1741087800564 0.5605234460196292 3
1741087815450 0.6696907216494845 4
1741087830699 0.656968559361802 5
1741087845593 0.6449172576832152 6
1741087860648 0.6475644699140402 7
1741087875666 0.665129151291513 8
1741087890777 0.6819221967963387 9
1741087906029 0.6872082166199813 10
1741087921117 0.696798493408663 11
1741087936305 0.7009646302250804 12
1741087951369 0.7250673854447439 13
1741087966645 0.7464114832535885 14
1741087981682 0.7560975609756098 15
1741087996940 0.7801047120418848 16
1741088012044 0.7620751341681574 17
1741088027290 0.801358234295416 18
1741088042490 0.8127388535031848 19
1741088057842 0.8319604612850082 20
1741088073091 0.8324793062672448 21
1741088088385 0.8470209339774557 22
1741088103703 0.8283333333333334 23
1741088118850 0.8489151873767259 24
1741088133755 0.835 25
1741088148716 0.8484097480380008 26
1741088163642 0.8616761594792515 27
1741088178584 0.8700431880643895 28
1741088193745 0.8716513394642144 29
1741088208673 0.8736286062576188 30
1741088223703 0.874736398144243 31
1741088238832 0.8776194467728415 32
1741088253608 0.8800325335502237 33
1741088268574 0.8851517637407711 34
1741088283516 0.9047244094488189 35
1741088298416 0.8887116074990028 36
1741088313419 0.8865721434528774 37
1741088328629 0.9018036072144289 38
1741088343825 0.8907363420427553 39
1741088358768 0.9029399919452276 40
1741088373817 0.8960985626283368 41
1741088388645 0.9023293829178586 42
1741088403441 0.9051620648259304 43
1741088418151 0.9093864282811865 44
1741088432935 0.9075072583990046 45
1741088447945 0.9172498970769865 46
1741088462997 0.9122807017543859 47
1741088477724 0.904862579281184 48
