1741087756086 0.6968391631778917 0
1741087770845 0.686970876235711 1
1741087785670 0.6772161581014332 2
1741087800564 0.6690855316425625 3
1741087815450 0.6577652308501696 4
1741087830699 0.6454080594213385 5
1741087845593 0.6359213300441441 6
1741087860648 0.6212037440977598 7
1741087875666 0.6077371827865902 8
1741087890777 0.5885867994082602 9
1741087906029 0.573139214986249 10
1741087921117 0.5535239522394381 11
1741087936305 0.54031684484921 12
1741087951369 0.5215744540879601 13
1741087966645 0.5017781053718767 14
1741087981682 0.4884526741347815 15
1741087996940 0.4592353391804193 16
1741088012044 0.4568018654459401 17
1741088027290 0.41865042400987523 18
1741088042490 0.40179483945432465 19
1741088057842 0.3957363390608838 20
1741088073091 0.3838584728931126 21
1741088088385 0.36219534101454837 22
1741088103703 0.3566499254421184 23
1741088118850 0.3488526563895376 24
1741088133755 0.3474726241670157 25
1741088148716 0.3291671042771716 26
1741088163642 0.32231387397960615 27
1741088178584 0.31461644662838234 28
1741088193745 0.30475761368870735 29
1741088208673 0.29750463092013407 30
1741088223703 0.2938311597038257 31
1741088238832 0.2764914108342246 32
1741088253608 0.27523202253015416 33
1741088268574 0.26907488899795634 34
1741088283516 0.2464698982474051 35
1741088298416 0.2589891105890274 36
1741088313419 0.2497762802400087 37
1741088328629 0.24024330177589467 38
1741088343825 0.24886320266676576 39
1741088358768 0.2355278355902747 40
1741088373817 0.2339898129238894 41
1741088388645 0.2293901984628878 42
1741088403441 0.22782042397088126 43
1741088418151 0.22581232897937298 44
1741088432935 0.22361798290359347 45
1741088447945 0.2078122278969539 46
1741088462997 0.21404372655639523 47
1741088477724 0.2193907651265985 48
