1741087756086 0.47999995942236373 0
1741087770845 0.5691713305040326 1
1741087785670 0.6262315954867461 2
1741087800564 0.6669967103839327 3
1741087815450 0.6706392360547531 4
1741087830699 0.699526596805881 5
1741087845593 0.6898860118485992 6
1741087860648 0.6957690583096117 7
1741087875666 0.7015700078787818 8
1741087890777 0.7148353145900161 9
1741087906029 0.7239358320596231 10
1741087921117 0.7336580086580087 11
1741087936305 0.7332309361295751 12
1741087951369 0.7488676842460505 13
1741087966645 0.7608365713358154 14
1741087981682 0.7711409395973156 15
1741087996940 0.7922382814323021 16
1741088012044 0.7797714869587871 17
1741088027290 0.8074126525844935 18
1741088042490 0.8184782645452547 19
1741088057842 0.8323198301020943 20
1741088073091 0.8247251420209495 21
1741088088385 0.8436911971971551 22
1741088103703 0.8307966122914403 23
1741088118850 0.841985013860014 24
1741088133755 0.8372070367995065 25
1741088148716 0.8493870011772825 26
1741088163642 0.8602855418719878 27
1741088178584 0.8633945354969161 28
1741088193745 0.8678474206584041 29
1741088208673 0.8720939041060218 30
1741088223703 0.8780594654179181 31
1741088238832 0.8798800139631925 32
1741088253608 0.8786687822442978 33
1741088268574 0.884866757019231 34
1741088283516 0.900019296196618 35
1741088298416 0.8850418678895609 36
1741088313419 0.8882112294816347 37
1741088328629 0.899127967754835 38
1741088343825 0.8865450553620556 39
1741088358768 0.9008200669475541 40
1741088373817 0.8960411374340911 41
1741088388645 0.9017164421360169 42
1741088403441 0.9024335197723481 43
1741088418151 0.9083059210526315 44
1741088432935 0.9083927768138294 45
1741088447945 0.9174593834124697 46
1741088462997 0.91358806215643 47
1741088477724 0.9075864520387955 48
