1741087756086 0.5399835119538334 0
1741087770845 0.6122448979591837 1
1741087785670 0.41965811965811967 2
1741087800564 0.42549668874172186 3
1741087815450 0.66996699669967 4
1741087830699 0.5751848808545604 5
1741087845593 0.5669160432252701 6
1741087860648 0.5607940446650124 7
1741087875666 0.5924404272801972 8
1741087890777 0.6091578086672118 9
1741087906029 0.6082644628099173 10
1741087921117 0.6166666666666667 11
1741087936305 0.6223491027732463 12
1741087951369 0.659852820932134 13
1741087966645 0.6992665036674817 14
1741087981682 0.7 15
1741087996940 0.743142144638404 16
1741088012044 0.7177759056444819 17
1741088027290 0.7808105872622002 18
1741088042490 0.7928748964374482 19
1741088057842 0.8231458842705787 20
1741088073091 0.8523002421307506 21
1741088088385 0.8463395012067578 22
1741088103703 0.8388185654008439 23
1741088118850 0.8621794871794872 24
1741088133755 0.8391959798994975 25
1741088148716 0.8630252100840337 26
1741088163642 0.8554119547657512 27
1741088178584 0.8758893280632412 28
1741088193745 0.889795918367347 29
1741088208673 0.8746948738812043 30
1741088223703 0.883304940374787 31
1741088238832 0.8768844221105527 32
1741088253608 0.8825448613376835 33
1741088268574 0.8858784893267652 34
1741088283516 0.9140811455847255 35
1741088298416 0.9056910569105691 36
1741088313419 0.8910310142497905 37
1741088328629 0.9050683829444891 38
1741088343825 0.8858267716535433 39
1741088358768 0.9054927302100162 40
1741088373817 0.9046434494195689 41
1741088388645 0.9049180327868852 42
1741088403441 0.9069767441860465 43
1741088418151 0.9202302631578947 44
1741088432935 0.9139515455304928 45
1741088447945 0.9267886855241264 46
1741088462997 0.9039735099337748 47
1741088477724 0.9106382978723404 48
