1741175094635 9.9001e-05 0
1741175312459 9.800199999999999e-05 1
1741175530361 9.700299999999998e-05 2
1741175748329 9.600399999999998e-05 3
1741175966236 9.500499999999998e-05 4
1741176184222 9.400599999999998e-05 5
1741176402319 9.300699999999999e-05 6
1741176620313 9.200799999999999e-05 7
1741176837960 9.1009e-05 8
1741177056026 9.000999999999999e-05 9
1741177273885 8.901099999999999e-05 10
1741177491863 8.801199999999998e-05 11
1741177709585 8.701299999999999e-05 12
1741177927254 8.6014e-05 13
1741178145379 8.5015e-05 14
1741178363120 8.401599999999999e-05 15
1741178580842 8.3017e-05 16
1741178798783 8.201799999999999e-05 17
1741179016583 8.101899999999999e-05 18
1741179234141 8.001999999999998e-05 19
1741179451959 7.902099999999999e-05 20
1741179669775 7.802199999999999e-05 21
1741179887621 7.7023e-05 22
1741180105194 7.602399999999999e-05 23
1741180322712 7.5025e-05 24
1741180540370 7.4026e-05 25
1741180758070 7.302699999999999e-05 26
