1741175094635 0.9538037935957577 0
1741175312459 0.989924689599023 1
1741175530361 0.9911829162631874 2
1741175748329 0.9927969348659004 3
1741175966236 0.9932673671325104 4
1741176184222 0.9940969925194647 5
1741176402319 0.995472350816503 6
1741176620313 0.9949651629964908 7
1741176837960 0.996284041740901 8
1741177056026 0.9965396163045138 9
1741177273885 0.9965494494342112 10
1741177491863 0.996626284312222 11
1741177709585 0.9974910394265233 12
1741177927254 0.9974674568201388 13
1741178145379 0.9976675793530068 14
1741178363120 0.9971001221001221 15
1741178580842 0.9985409539142684 16
1741178798783 0.9974029941949282 17
1741179016583 0.998314606741573 18
1741179234141 0.9977507412330028 19
1741179451959 0.9982689272440304 20
1741179669775 0.9984278324373669 21
1741179887621 0.9987328940699443 22
1741180105194 0.9980846774193548 23
1741180322712 0.9986252545824847 24
1741180540370 0.99846547314578 25
1741180758070 0.9985354275036614 26
