1741175094635 0.8668211306765523 0
1741175312459 0.9556887404205149 1
1741175530361 0.9636309582796552 2
1741175748329 0.9685522053326688 3
1741175966236 0.9745283490967322 4
1741176184222 0.9774342039427599 5
1741176402319 0.9804589638240304 6
1741176620313 0.9824244250276187 7
1741176837960 0.9833693413053308 8
1741177056026 0.9854569243156199 9
1741177273885 0.9870332210886064 10
1741177491863 0.9872898521369252 11
1741177709585 0.9896367792735585 12
1741177927254 0.9904939140931496 13
1741178145379 0.9902365374937091 14
1741178363120 0.9903486609398686 15
1741178580842 0.9919036433604878 16
1741178798783 0.9914456367685767 17
1741179016583 0.9919817305252474 18
1741179234141 0.992928727679707 19
1741179451959 0.9930611831442464 20
1741179669775 0.9939415358206695 21
1741179887621 0.9937966512003228 22
1741180105194 0.9941262111551785 23
1741180322712 0.9945740365111562 24
1741180540370 0.9946496815286624 25
1741180758070 0.9944673574087114 26
