1741175094635 0.9082346086618761 0
1741175312459 0.97250549890022 1
1741175530361 0.9772127729065648 2
1741175748329 0.9805247225025226 3
1741175966236 0.9838086337113845 4
1741176184222 0.9856951837929208 5
1741176402319 0.9879086204720434 6
1741176620313 0.9886550269095686 7
1741176837960 0.9897845655911803 8
1741177056026 0.9909672848720998 9
1741177273885 0.9917685082314918 10
1741177491863 0.9919360993106255 11
1741177709585 0.9935483870967742 12
1741177927254 0.9939684542586751 13
1741178145379 0.9939381693271367 14
1741178363120 0.9937129239973634 15
1741178580842 0.9952112322928419 16
1741178798783 0.9944153932070874 17
1741179016583 0.9951380934198804 18
1741179234141 0.9953338942859329 19
1741179451959 0.9956582455249461 20
1741179669775 0.99617963314358 21
1741179887621 0.9962586581728096 22
1741180105194 0.9961015116074348 23
1741180322712 0.9965955284552845 24
1741180540370 0.996553924696873 25
1741180758070 0.9964972406320086 26
