1741175094635 0.9038390536008074 0
1741175312459 0.9719849655453848 1
1741175530361 0.9769231637117352 2
1741175748329 0.9803873027539347 3
1741175966236 0.9836978291390925 4
1741176184222 0.9855603919243102 5
1741176402319 0.9877988569554155 6
1741176620313 0.9885617475277096 7
1741176837960 0.9897131947945657 8
1741177056026 0.9909082512721306 9
1741177273885 0.9916840130224241 10
1741177491863 0.991948076476748 11
1741177709585 0.9935809627512362 12
1741177927254 0.9938967524158022 13
1741178145379 0.9938741823546913 14
1741178363120 0.9936835710378311 15
1741178580842 0.9950960799255943 16
1741178798783 0.994399491191752 17
1741179016583 0.9951471510865227 18
1741179234141 0.9953506723712433 19
1741179451959 0.9956465059866977 20
1741179669775 0.9961467451727781 21
1741179887621 0.9962206669838213 22
1741180105194 0.9960330794504181 23
1741180322712 0.9965885947046842 24
1741180540370 0.996571814119773 25
1741180758070 0.9964441601813188 26
