1741175094635 0.3133135495164374 0
1741175312459 0.09779321354190464 1
1741175530361 0.07576803858536038 2
1741175748329 0.06622338075727734 3
1741175966236 0.05409449507506619 4
1741176184222 0.048249850856179693 5
1741176402319 0.043001197363441074 6
1741176620313 0.03970916510446995 7
1741176837960 0.03769518422497154 8
1741177056026 0.0321816408980929 9
1741177273885 0.02931562127063509 10
1741177491863 0.02857615678044641 11
1741177709585 0.02298535787176602 12
1741177927254 0.022763073422751884 13
1741178145379 0.022748938470281407 14
1741178363120 0.021771643128127946 15
1741178580842 0.018284812852408863 16
1741178798783 0.018490416602703102 17
1741179016583 0.01764562902572991 18
1741179234141 0.01577441277650677 19
1741179451959 0.01598284449832171 20
1741179669775 0.014739042050195217 21
1741179887621 0.013760193285450483 22
1741180105194 0.0151418046677407 23
1741180322712 0.012137373608267025 24
1741180540370 0.01220643693182918 25
1741180758070 0.012412757054234363 26
