1741175094635 0.9037678207739308 0
1741175312459 0.9719959266802444 1
1741175530361 0.9769093686354379 2
1741175748329 0.9803462321792261 3
1741175966236 0.9836812627291243 4
1741176184222 0.9855651731160896 5
1741176402319 0.98780549898167 6
1741176620313 0.9885692464358452 7
1741176837960 0.9897148676171079 8
1741177056026 0.9909114052953156 9
1741177273885 0.9917006109979634 10
1741177491863 0.9919297352342159 11
1741177709585 0.9935590631364563 12
1741177927254 0.9939154786150712 13
1741178145379 0.9938900203665988 14
1741178363120 0.9936863543788187 15
1741178580842 0.9951374745417515 16
1741178798783 0.9943991853360489 17
1741179016583 0.9951374745417515 18
1741179234141 0.9953411405295316 19
1741179451959 0.9956466395112016 20
1741179669775 0.9961558044806518 21
1741179887621 0.9962321792260692 22
1741180105194 0.9960539714867617 23
1741180322712 0.9965885947046843 24
1741180540370 0.9965631364562119 25
1741180758070 0.9964613034623218 26
