1743325068223 0.693777393211018 0
1743325085116 0.6854853190556921 1
1743325102023 0.6789287310658079 2
1743325118851 0.6692823159574258 3
1743325135769 0.6595788875011482 4
1743325152669 0.6478879180821505 5
1743325169592 0.6318439582381585 6
1743325186446 0.6099723589540732 7
1743325203319 0.5886223111489807 8
1743325220232 0.5592079027132555 9
1743325237082 0.5109840080593572 10
1743325254026 0.4752229012624182 11
1743325270933 0.43747083616979193 12
1743325287800 0.3993021644125081 13
1743325304593 0.3813828539968741 14
1743325321333 0.3565355333113911 15
1743325338230 0.344142347574234 16
1743325355179 0.31914731965522575 17
1743325371973 0.3024369314162418 18
1743325388887 0.3095229210877659 19
1743325405759 0.2929424489989425 20
1743325422639 0.27746162842018435 21
1743325439548 0.26032107842691016 22
1743325456452 0.2567306776540448 23
1743325473351 0.25681063623139355 24
1743325490202 0.22106906154541053 25
1743325507076 0.2503951690112702 26
1743325523865 0.22432066108843293 27
1743325540757 0.23096384303738374 28
1743325557549 0.23430540487922805 29
1743325574450 0.2087984225063613 30
1743325591359 0.20243985168259554 31
1743325608300 0.20931999238603044 32
1743325625136 0.1955057414192142 33
1743325641984 0.18907728287005665 34
1743325658939 0.17664514323978714 35
1743325675768 0.17629909116511394 36
1743325692663 0.16077702654281048 37
1743325709532 0.17013898721397525 38
1743325726420 0.17454331097277728 39
1743325743269 0.16943234483702013 40
1743325760112 0.1521203608223886 41
1743325776980 0.145125440237197 42
1743325793714 0.15180006551772657 43
1743325810621 0.15474578873677688 44
