1743325068223 0.5306962025316456 0
1743325085116 0.5920886075949368 1
1743325102023 0.6462025316455696 2
1743325118851 0.680379746835443 3
1743325135769 0.6901898734177215 4
1743325152669 0.7079113924050633 5
1743325169592 0.7287974683544304 6
1743325186446 0.7477848101265823 7
1743325203319 0.7525316455696203 8
1743325220232 0.760759493670886 9
1743325237082 0.7939873417721519 10
1743325254026 0.8136075949367089 11
1743325270933 0.8221518987341773 12
1743325287800 0.839240506329114 13
1743325304593 0.8414556962025317 14
1743325321333 0.8550632911392405 15
1743325338230 0.8591772151898734 16
1743325355179 0.8724683544303797 17
1743325371973 0.8756329113924051 18
1743325388887 0.8689873417721519 19
1743325405759 0.8791139240506329 20
1743325422639 0.8882911392405063 21
1743325439548 0.8917721518987342 22
1743325456452 0.890506329113924 23
1743325473351 0.8927215189873418 24
1743325490202 0.9132911392405063 25
1743325507076 0.8911392405063291 26
1743325523865 0.9104430379746835 27
1743325540757 0.9053797468354431 28
1743325557549 0.8936708860759494 29
1743325574450 0.9142405063291139 30
1743325591359 0.9221518987341772 31
1743325608300 0.910126582278481 32
1743325625136 0.9158227848101266 33
1743325641984 0.9205696202531646 34
1743325658939 0.9306962025316455 35
1743325675768 0.9284810126582278 36
1743325692663 0.9360759493670886 37
1743325709532 0.9278481012658227 38
1743325726420 0.9297468354430379 39
1743325743269 0.9297468354430379 40
1743325760112 0.9401898734177215 41
1743325776980 0.9433544303797469 42
1743325793714 0.9392405063291139 43
1743325810621 0.9386075949367089 44
