1749531164435 0.4150381535291672 0
1749531170427 0.32287872050489697 1
1749531176451 0.2919685599349794 2
1749531182428 0.26825573650144396 3
1749531188395 0.24551852402232943 4
1749531194405 0.2262031893645014 5
1749531200409 0.20802125476655506 6
1749531206079 0.19399178240980422 7
1749531212095 0.18060952992666335 8
1749531218107 0.16578317185242972 9
1749531224165 0.15432024285906837 10
1749531230201 0.1470349949030649 11
1749531236267 0.13357166484707877 12
1749531242297 0.13041095151787713 13
1749531248325 0.11781489955527442 14
1749531254345 0.1120528539731389 15
1749531260381 0.10668984374829701 16
1749531266437 0.09870566480926105 17
1749531272480 0.0931582979503132 18
1749531278205 0.09159738659149125 19
1749531284260 0.08522481311644826 20
1749531290301 0.07876171615152132 21
1749531296346 0.07591580883378074 22
1749531302405 0.07168196097371124 23
1749531308127 0.0705193029273124 24
1749531314207 0.06787072583323434 25
1749531326028 0.06785393781250432 26
1749531331748 0.06387989604402156 27
1749531344571 0.06409957144586813 28
1749531350627 0.057375017198778334 29
1749531356335 0.05668097397401219 30
1749531362390 0.05356162209950742 31
1749531368472 0.05027363981519427 32
1749531374218 0.0494830006112655 33
1749531379957 0.0499646184699876 34
1749531386010 0.0495257672986814 35
1749531391711 0.04955378547310829 36
1749531397382 0.0462865513705072 37
1749531403096 0.04494690584639708 38
1749531409134 0.043567800983077005 39
1749531414858 0.04643472625563542 40
1749531420585 0.04135687303330217 41
1749531426291 0.0412507000423613 42
1749531432343 0.03660039927455641 43
1749531438071 0.03676329012073222 44
1749531444123 0.03487139190768912 45
1749531450160 0.03802800551056862 46
1749531456236 0.03507323851365419 47
1749531462400 0.03348070254460687 48
1749531468140 0.031057964300825483 49
1749531473868 0.03309249194959799 50
1749531479937 0.03065486726838918 51
1749531486023 0.031023985972361907 52
1749531491759 0.03132269238787038 53
1749531497501 0.02742045581163395 54
1749531503556 0.02886621294809239 55
1749531509283 0.02945365153607868 56
1749531515009 0.02902511108134474 57
1749531520741 0.033494919671544006 58
1749531526469 0.032258285919115656 59
1749531532194 0.02867672969365404 60
1749531537908 0.02603924744540737 61
1749531543989 0.02451055452582382 62
1749531549749 0.024655410177296118 63
1749531555455 0.024406821245238894 64
1749531561523 0.024111575136582058 65
1749531567599 0.024540434901913006 66
1749531573675 0.0222799660017093 67
1749531579395 0.023278001518476577 68
1749531585441 0.023421946513865675 69
1749531591172 0.021740973616639774 70
1749531596921 0.02185089025823843 71
1749531602664 0.025153267197310925 72
1749531608400 0.02572002745277825 73
1749531614128 0.022941482741208302 74
1749531619849 0.022209454771308673 75
1749531625584 0.021500921564265377 76
1749531631332 0.019984583015598002 77
1749531637031 0.021441532631537745 78
1749531643086 0.020548760624868528 79
1749531649152 0.019157263317278454 80
1749531654890 0.02202772249334625 81
1749531660597 0.019692019470745607 82
1749531666325 0.021226785167874324 83
1749531672040 0.01974717458887469 84
1749531677764 0.019691731204234418 85
1749531683459 0.020712674684112982 86
1749531689188 0.02037134819797107 87
1749531694905 0.018097720508064543 88
1749531700621 0.019813054374286106 89
