1749531164435 0.4657402038574219 0
1749531170427 0.7764421105384827 1
1749531176451 0.8894400000572205 2
1749531182428 0.9132945537567139 3
1749531188395 0.9337626099586487 4
1749531194405 0.9345388412475586 5
1749531200409 0.9430950880050659 6
1749531206079 0.9482397437095642 7
1749531212095 0.9465528130531311 8
1749531218107 0.9522574543952942 9
1749531224165 0.9515964388847351 10
1749531230201 0.9517233967781067 11
1749531236267 0.9578988552093506 12
1749531242297 0.9513974189758301 13
1749531248325 0.9570079445838928 14
1749531254345 0.9583594799041748 15
1749531260381 0.9518959522247314 16
1749531266437 0.9604679346084595 17
1749531272480 0.9606412649154663 18
1749531278205 0.955698549747467 19
1749531284260 0.9596883654594421 20
1749531290301 0.9645553231239319 21
1749531296346 0.9646997451782227 22
1749531302405 0.96518474817276 23
1749531308127 0.9630547761917114 24
1749531314207 0.9639517664909363 25
1749531326028 0.9578211903572083 26
1749531331748 0.9611243605613708 27
1749531344571 0.9566304683685303 28
1749531350627 0.9666673541069031 29
1749531356335 0.9648605585098267 30
1749531362390 0.9673671126365662 31
1749531368472 0.9697183966636658 32
1749531374218 0.9688704609870911 33
1749531379957 0.966535747051239 34
1749531386010 0.9655806422233582 35
1749531391711 0.9629085063934326 36
1749531397382 0.9660959243774414 37
1749531403096 0.9660184979438782 38
1749531409134 0.9668762683868408 39
1749531414858 0.9622564315795898 40
1749531420585 0.9687139391899109 41
1749531426291 0.9666398763656616 42
1749531432343 0.9728256464004517 43
1749531438071 0.9700593948364258 44
1749531444123 0.9716796875 45
1749531450160 0.9663671851158142 46
1749531456236 0.9707722663879395 47
1749531462400 0.9717351198196411 48
1749531468140 0.9739910364151001 49
1749531473868 0.9701855182647705 50
1749531479937 0.9745270013809204 51
1749531486023 0.9725995659828186 52
1749531491759 0.9710893630981445 53
1749531497501 0.9755349159240723 54
1749531503556 0.9738155007362366 55
1749531509283 0.9725372791290283 56
1749531515009 0.9723016619682312 57
1749531520741 0.9668495655059814 58
1749531526469 0.9671193957328796 59
1749531532194 0.9717248678207397 60
1749531537908 0.9747686386108398 61
1749531543989 0.9770910143852234 62
1749531549749 0.9767231941223145 63
1749531555455 0.9756269454956055 64
1749531561523 0.976585865020752 65
1749531567599 0.9763283729553223 66
1749531573675 0.9783568978309631 67
1749531579395 0.9778280854225159 68
1749531585441 0.9776432514190674 69
1749531591172 0.9786926507949829 70
1749531596921 0.9782523512840271 71
1749531602664 0.9745787978172302 72
1749531608400 0.9710941314697266 73
1749531614128 0.9760072231292725 74
1749531619849 0.9763981103897095 75
1749531625584 0.9773687720298767 76
1749531631332 0.9795293807983398 77
1749531637031 0.9777603149414062 78
1749531643086 0.977853536605835 79
1749531649152 0.9804031252861023 80
1749531654890 0.9780595302581787 81
1749531660597 0.9795122146606445 82
1749531666325 0.9782941937446594 83
1749531672040 0.9792897701263428 84
1749531677764 0.9785464406013489 85
1749531683459 0.9775354266166687 86
1749531689188 0.9782515168190002 87
1749531694905 0.9805483222007751 88
1749531700621 0.9792360067367554 89
