1749531164435 0.30940690636634827 0
1749531170427 0.6432996392250061 1
1749531176451 0.8036656975746155 2
1749531182428 0.8430430293083191 3
1749531188395 0.8779840469360352 4
1749531194405 0.8794482946395874 5
1749531200409 0.8953521251678467 6
1749531206079 0.90372633934021 7
1749531212095 0.9010165333747864 8
1749531218107 0.9103407263755798 9
1749531224165 0.9101532697677612 10
1749531230201 0.9116870760917664 11
1749531236267 0.9220167994499207 12
1749531242297 0.9095972180366516 13
1749531248325 0.9189366102218628 14
1749531254345 0.9218408465385437 15
1749531260381 0.9106382131576538 16
1749531266437 0.9261232018470764 17
1749531272480 0.9261934161186218 18
1749531278205 0.9174157977104187 19
1749531284260 0.9247632622718811 20
1749531290301 0.9326826930046082 21
1749531296346 0.9330831170082092 22
1749531302405 0.9341820478439331 23
1749531308127 0.930351734161377 24
1749531314207 0.9319960474967957 25
1749531326028 0.9209139943122864 26
1749531331748 0.9267235994338989 27
1749531344571 0.9186248183250427 28
1749531350627 0.9366613030433655 29
1749531356335 0.9333572387695312 30
1749531362390 0.9381574392318726 31
1749531368472 0.9422404170036316 32
1749531374218 0.9408050775527954 33
1749531379957 0.9371466040611267 34
1749531386010 0.9355179071426392 35
1749531391711 0.9300394058227539 36
1749531397382 0.9356145858764648 37
1749531403096 0.9355409145355225 38
1749531409134 0.9376676082611084 39
1749531414858 0.929692268371582 40
1749531420585 0.9406206011772156 41
1749531426291 0.9365596771240234 42
1749531432343 0.9480994343757629 43
1749531438071 0.9427890181541443 44
1749531444123 0.945685625076294 45
1749531450160 0.9362080097198486 46
1749531456236 0.9442868232727051 47
1749531462400 0.946024477481842 48
1749531468140 0.9499300122261047 49
1749531473868 0.9431663155555725 50
1749531479937 0.951002836227417 51
1749531486023 0.9475336670875549 52
1749531491759 0.9447947144508362 53
1749531497501 0.9531574249267578 54
1749531503556 0.9497354626655579 55
1749531509283 0.9475024938583374 56
1749531515009 0.9472362995147705 57
1749531520741 0.9375759363174438 58
1749531526469 0.9378533959388733 59
1749531532194 0.9457893371582031 60
1749531537908 0.9515318274497986 61
1749531543989 0.955837070941925 62
1749531549749 0.9550992846488953 63
1749531555455 0.9532132148742676 64
1749531561523 0.955068051815033 65
1749531567599 0.9546213746070862 66
1749531573675 0.9580100774765015 67
1749531579395 0.9574105739593506 68
1749531585441 0.9570045471191406 69
1749531591172 0.9588575959205627 70
1749531596921 0.9578144550323486 71
1749531602664 0.9525876045227051 72
1749531608400 0.9448639154434204 73
1749531614128 0.9538158178329468 74
1749531619849 0.954361081123352 75
1749531625584 0.9565407037734985 76
1749531631332 0.9602232575416565 77
1749531637031 0.9570426344871521 78
1749531643086 0.9571231603622437 79
1749531649152 0.9617947340011597 80
1749531654890 0.9576606154441833 81
1749531660597 0.9602927565574646 82
1749531666325 0.9581519961357117 83
1749531672040 0.9599749445915222 84
1749531677764 0.9584373235702515 85
1749531683459 0.9573087692260742 86
1749531689188 0.9584912061691284 87
1749531694905 0.9622266292572021 88
1749531700621 0.9599553942680359 89
