1749531164435 0.2109188586473465 0
1749531170427 0.4030308723449707 1
1749531176451 0.5273257493972778 2
1749531182428 0.698142409324646 3
1749531188395 0.8301509618759155 4
1749531194405 0.8606060743331909 5
1749531200409 0.8853417634963989 6
1749531206079 0.8998799324035645 7
1749531212095 0.900453507900238 8
1749531218107 0.9093300104141235 9
1749531224165 0.912041187286377 10
1749531230201 0.9058765172958374 11
1749531236267 0.9169577360153198 12
1749531242297 0.9060966372489929 13
1749531248325 0.9123932123184204 14
1749531254345 0.9176672101020813 15
1749531260381 0.9077651500701904 16
1749531266437 0.9246621131896973 17
1749531272480 0.9232746362686157 18
1749531278205 0.9153811931610107 19
1749531284260 0.9196258783340454 20
1749531290301 0.9299382567405701 21
1749531296346 0.9281591773033142 22
1749531302405 0.9314535856246948 23
1749531308127 0.9253783226013184 24
1749531314207 0.9282693266868591 25
1749531326028 0.9195997714996338 26
1749531331748 0.923176646232605 27
1749531344571 0.9176216125488281 28
1749531350627 0.9325603246688843 29
1749531356335 0.9298018217086792 30
1749531362390 0.9337191581726074 31
1749531368472 0.9373254776000977 32
1749531374218 0.9370769262313843 33
1749531379957 0.9326349496841431 34
1749531386010 0.9300872683525085 35
1749531391711 0.9258028268814087 36
1749531397382 0.9319798946380615 37
1749531403096 0.9324034452438354 38
1749531409134 0.9339269399642944 39
1749531414858 0.92239910364151 40
1749531420585 0.9343727827072144 41
1749531426291 0.9327680468559265 42
1749531432343 0.9418389797210693 43
1749531438071 0.9392441511154175 44
1749531444123 0.9417197704315186 45
1749531450160 0.9328070282936096 46
1749531456236 0.9406930208206177 47
1749531462400 0.9415711164474487 48
1749531468140 0.9465896487236023 49
1749531473868 0.9404348134994507 50
1749531479937 0.9445458054542542 51
1749531486023 0.9413050413131714 52
1749531491759 0.9421961307525635 53
1749531497501 0.9498370885848999 54
1749531503556 0.945346474647522 55
1749531509283 0.9422361254692078 56
1749531515009 0.9433059692382812 57
1749531520741 0.9327312707901001 58
1749531526469 0.9352604150772095 59
1749531532194 0.9427894353866577 60
1749531537908 0.9464659690856934 61
1749531543989 0.9510067701339722 62
1749531549749 0.9512348175048828 63
1749531555455 0.9491984844207764 64
1749531561523 0.9499630331993103 65
1749531567599 0.9499058723449707 66
1749531573675 0.9529833197593689 67
1749531579395 0.9516730308532715 68
1749531585441 0.9516067504882812 69
1749531591172 0.9537811279296875 70
1749531596921 0.9520132541656494 71
1749531602664 0.9474066495895386 72
1749531608400 0.9416850805282593 73
1749531614128 0.9482319355010986 74
1749531619849 0.9499037265777588 75
1749531625584 0.9517694711685181 76
1749531631332 0.9546808004379272 77
1749531637031 0.9500563144683838 78
1749531643086 0.9531965255737305 79
1749531649152 0.9569615125656128 80
1749531654890 0.9510946869850159 81
1749531660597 0.955134928226471 82
1749531666325 0.9522342085838318 83
1749531672040 0.9541397094726562 84
1749531677764 0.9545612335205078 85
1749531683459 0.9518094658851624 86
1749531689188 0.952964186668396 87
1749531694905 0.9568905830383301 88
1749531700621 0.9540011286735535 89
