1749531164435 0.3335171639919281 0
1749531170427 0.5275664329528809 1
1749531176451 0.6402702927589417 2
1749531182428 0.8009884357452393 3
1749531188395 0.9047797322273254 4
1749531194405 0.9236752390861511 5
1749531200409 0.9371501207351685 6
1749531206079 0.9459839463233948 7
1749531212095 0.946251630783081 8
1749531218107 0.95161372423172 9
1749531224165 0.9526394605636597 10
1749531230201 0.9485859274864197 11
1749531236267 0.9552331566810608 12
1749531242297 0.9494410753250122 13
1749531248325 0.9533824920654297 14
1749531254345 0.9561303853988647 15
1749531260381 0.9503702521324158 16
1749531266437 0.9598102569580078 17
1749531272480 0.9591643810272217 18
1749531278205 0.9546219110488892 19
1749531284260 0.956849217414856 20
1749531290301 0.9630115032196045 21
1749531296346 0.9620405435562134 22
1749531302405 0.9637587070465088 23
1749531308127 0.96036696434021 24
1749531314207 0.9620479345321655 25
1749531326028 0.9571730494499207 26
1749531331748 0.9591418504714966 27
1749531344571 0.9560842514038086 28
1749531350627 0.9644767045974731 29
1749531356335 0.9629342555999756 30
1749531362390 0.9649566411972046 31
1749531368472 0.967094898223877 32
1749531374218 0.9669432044029236 33
1749531379957 0.9641565084457397 34
1749531386010 0.9627150297164917 35
1749531391711 0.9605177640914917 36
1749531397382 0.9641984701156616 37
1749531403096 0.9643393754959106 38
1749531409134 0.9650018215179443 39
1749531414858 0.9582968950271606 40
1749531420585 0.9654320478439331 41
1749531426291 0.9646450877189636 42
1749531432343 0.9694536924362183 43
1749531438071 0.9681947231292725 44
1749531444123 0.969563364982605 45
1749531450160 0.9645555019378662 46
1749531456236 0.9688863158226013 47
1749531462400 0.9693670868873596 48
1749531468140 0.97226881980896 49
1749531473868 0.9687752723693848 50
1749531479937 0.9710488319396973 51
1749531486023 0.969306230545044 52
1749531491759 0.969706118106842 53
1749531497501 0.9738656282424927 54
1749531503556 0.9714977741241455 55
1749531509283 0.9697396755218506 56
1749531515009 0.97028648853302 57
1749531520741 0.9642800092697144 58
1749531526469 0.9657699465751648 59
1749531532194 0.9701250791549683 60
1749531537908 0.9721357822418213 61
1749531543989 0.974564790725708 62
1749531549749 0.9747017621994019 63
1749531555455 0.9734600782394409 64
1749531561523 0.973944902420044 65
1749531567599 0.973884642124176 66
1749531573675 0.9757322072982788 67
1749531579395 0.9748365879058838 68
1749531585441 0.974755048751831 69
1749531591172 0.9760438203811646 70
1749531596921 0.9752070903778076 71
1749531602664 0.9719676971435547 72
1749531608400 0.9694057703018188 73
1749531614128 0.9731138944625854 74
1749531619849 0.974101185798645 75
1749531625584 0.9749152660369873 76
1749531631332 0.9765923023223877 77
1749531637031 0.9740610122680664 78
1749531643086 0.9758554100990295 79
1749531649152 0.9779185056686401 80
1749531654890 0.9745519161224365 81
1749531660597 0.9768421649932861 82
1749531666325 0.9752081036567688 83
1749531672040 0.9762731790542603 84
1749531677764 0.9765809774398804 85
1749531683459 0.974756121635437 86
1749531689188 0.9753468632698059 87
1749531694905 0.9778090715408325 88
1749531700621 0.9761127233505249 89
