1749531164435 0.11243080347776413 0
1749531170427 0.1627621203660965 1
1749531176451 0.25098586082458496 2
1749531182428 0.5532418489456177 3
1749531188395 0.7823178768157959 4
1749531194405 0.8417638540267944 5
1749531200409 0.8753313422203064 6
1749531206079 0.896033525466919 7
1749531212095 0.8998904824256897 8
1749531218107 0.9083192944526672 9
1749531224165 0.9139291048049927 10
1749531230201 0.9000659584999084 11
1749531236267 0.9118986129760742 12
1749531242297 0.9025960564613342 13
1749531248325 0.9058497548103333 14
1749531254345 0.9134935736656189 15
1749531260381 0.9048921465873718 16
1749531266437 0.9232009649276733 17
1749531272480 0.9203558564186096 18
1749531278205 0.913346529006958 19
1749531284260 0.9144885540008545 20
1749531290301 0.927193820476532 21
1749531296346 0.9232352375984192 22
1749531302405 0.9287251234054565 23
1749531308127 0.9204049110412598 24
1749531314207 0.9245426058769226 25
1749531326028 0.9182854890823364 26
1749531331748 0.9196296334266663 27
1749531344571 0.9166184663772583 28
1749531350627 0.9284592866897583 29
1749531356335 0.9262464642524719 30
1749531362390 0.9292808771133423 31
1749531368472 0.932410478591919 32
1749531374218 0.9333488345146179 33
1749531379957 0.9281232953071594 34
1749531386010 0.9246566295623779 35
1749531391711 0.9215661883354187 36
1749531397382 0.928345263004303 37
1749531403096 0.9292659759521484 38
1749531409134 0.9301863312721252 39
1749531414858 0.915105938911438 40
1749531420585 0.9281249642372131 41
1749531426291 0.9289764165878296 42
1749531432343 0.9355785846710205 43
1749531438071 0.9356992244720459 44
1749531444123 0.9377538561820984 45
1749531450160 0.9294060468673706 46
1749531456236 0.937099277973175 47
1749531462400 0.9371177554130554 48
1749531468140 0.9432492852210999 49
1749531473868 0.9377033114433289 50
1749531479937 0.9380887746810913 51
1749531486023 0.9350764751434326 52
1749531491759 0.939597487449646 53
1749531497501 0.9465166926383972 54
1749531503556 0.9409574270248413 55
1749531509283 0.9369697570800781 56
1749531515009 0.9393755793571472 57
1749531520741 0.9278865456581116 58
1749531526469 0.9326674938201904 59
1749531532194 0.9397895336151123 60
1749531537908 0.9414001107215881 61
1749531543989 0.9461765289306641 62
1749531549749 0.9473702907562256 63
1749531555455 0.9451837539672852 64
1749531561523 0.9448580145835876 65
1749531567599 0.9451904296875 66
1749531573675 0.9479565620422363 67
1749531579395 0.9459354877471924 68
1749531585441 0.9462088942527771 69
1749531591172 0.9487046003341675 70
1749531596921 0.9462120532989502 71
1749531602664 0.9422256946563721 72
1749531608400 0.9385063052177429 73
1749531614128 0.9426481127738953 74
1749531619849 0.9454463124275208 75
1749531625584 0.9469981789588928 76
1749531631332 0.9491384029388428 77
1749531637031 0.9430699944496155 78
1749531643086 0.9492698907852173 79
1749531649152 0.9521282911300659 80
1749531654890 0.9445287585258484 81
1749531660597 0.9499770998954773 82
1749531666325 0.9463164210319519 83
1749531672040 0.9483044147491455 84
1749531677764 0.9506851434707642 85
1749531683459 0.9463101625442505 86
1749531689188 0.9474372267723083 87
1749531694905 0.951554536819458 88
1749531700621 0.948046863079071 89
