1749531164435 0.20129410922527313 0
1749531170427 0.2786906957626343 1
1749531176451 0.39110061526298523 2
1749531182428 0.6886823177337646 3
1749531188395 0.8757968544960022 4
1749531194405 0.9128116369247437 5
1749531200409 0.931205153465271 6
1749531206079 0.9437281489372253 7
1749531212095 0.9459503889083862 8
1749531218107 0.9509699940681458 9
1749531224165 0.9536824226379395 10
1749531230201 0.9454484581947327 11
1749531236267 0.952567458152771 12
1749531242297 0.9474847316741943 13
1749531248325 0.9497570991516113 14
1749531254345 0.9539012312889099 15
1749531260381 0.9488445520401001 16
1749531266437 0.9591525793075562 17
1749531272480 0.957687497138977 18
1749531278205 0.9535452723503113 19
1749531284260 0.954010009765625 20
1749531290301 0.9614676833152771 21
1749531296346 0.9593812823295593 22
1749531302405 0.9623326063156128 23
1749531308127 0.9576791524887085 24
1749531314207 0.96014404296875 25
1749531326028 0.9565249085426331 26
1749531331748 0.9571593403816223 27
1749531344571 0.9555380940437317 28
1749531350627 0.9622859954833984 29
1749531356335 0.9610078930854797 30
1749531362390 0.9625462293624878 31
1749531368472 0.9644713997840881 32
1749531374218 0.9650159478187561 33
1749531379957 0.9617772102355957 34
1749531386010 0.9598493576049805 35
1749531391711 0.9581270813941956 36
1749531397382 0.9623010754585266 37
1749531403096 0.9626603126525879 38
1749531409134 0.9631274342536926 39
1749531414858 0.9543373584747314 40
1749531420585 0.9621501564979553 41
1749531426291 0.9626502990722656 42
1749531432343 0.9660817980766296 43
1749531438071 0.9663300514221191 44
1749531444123 0.96744704246521 45
1749531450160 0.9627437591552734 46
1749531456236 0.9670003652572632 47
1749531462400 0.9669990539550781 48
1749531468140 0.970546543598175 49
1749531473868 0.967365026473999 50
1749531479937 0.9675706624984741 51
1749531486023 0.9660128951072693 52
1749531491759 0.9683228731155396 53
1749531497501 0.9721964001655579 54
1749531503556 0.9691799879074097 55
1749531509283 0.9669421315193176 56
1749531515009 0.9682713747024536 57
1749531520741 0.9617104530334473 58
1749531526469 0.96442049741745 59
1749531532194 0.968525230884552 60
1749531537908 0.969502866268158 61
1749531543989 0.9720386266708374 62
1749531549749 0.9726803302764893 63
1749531555455 0.9712931513786316 64
1749531561523 0.9713039398193359 65
1749531567599 0.9714409112930298 66
1749531573675 0.9731075167655945 67
1749531579395 0.9718450307846069 68
1749531585441 0.9718669056892395 69
1749531591172 0.973395049571991 70
1749531596921 0.9721618890762329 71
1749531602664 0.9693565368652344 72
1749531608400 0.9677173495292664 73
1749531614128 0.9702205657958984 74
1749531619849 0.9718043208122253 75
1749531625584 0.9724618196487427 76
1749531631332 0.9736552834510803 77
1749531637031 0.9703617095947266 78
1749531643086 0.9738572835922241 79
1749531649152 0.9754338264465332 80
1749531654890 0.9710443019866943 81
1749531660597 0.974172055721283 82
1749531666325 0.9721220135688782 83
1749531672040 0.9732566475868225 84
1749531677764 0.9746154546737671 85
1749531683459 0.9719768166542053 86
1749531689188 0.9724422097206116 87
1749531694905 0.9750697612762451 88
1749531700621 0.9729894399642944 89
