1741257200014 0.681393969314439 0
1741257313951 0.6480596182176045 1
1741257428163 0.5728625100851059 2
1741257542444 0.42959048820393425 3
1741257656599 0.3206373765213149 4
1741257770727 0.2614729599228927 5
1741257884894 0.22486183928591866 6
1741257999150 0.19655799041901317 7
1741258113224 0.1824346070151244 8
1741258227206 0.16731351517939141 9
1741258341292 0.161427027948999 10
1741258455617 0.14783601051595593 11
1741258569753 0.1497566817594426 12
1741258683855 0.1357626589973058 13
1741258797963 0.12665553868083018 14
1741258912061 0.12428040598652193 15
1741259026134 0.11128777263819108 16
1741259140407 0.11005980502015777 17
1741259254535 0.1073651700985751 18
1741259368815 0.10322695365973882 19
1741259483061 0.10395500184169837 20
1741259597166 0.09305431588552893 21
1741259711326 0.09345398224690663 22
1741259825411 0.09132742848579904 23
1741259939437 0.09287890961925899 24
1741260053462 0.09054127104513879 25
1741260167757 0.0850587279336261 26
1741260281940 0.08223209776117334 27
1741260396056 0.07607218945066312 28
1741260510198 0.07812641236265855 29
1741260624335 0.07389117693395487 30
