1741257200014 0.6177811550151976 0
1741257313951 0.738870016091543 1
1741257428163 0.8080636509923118 2
1741257542444 0.8552208117289469 3
1741257656599 0.8798051135347756 4
1741257770727 0.8993831575183264 5
1741257884894 0.9124798855712498 6
1741257999150 0.9266046844269623 7
1741258113224 0.9295994993742178 8
1741258227206 0.9342481673520472 9
1741258341292 0.9372876810298587 10
1741258455617 0.942651528696585 11
1741258569753 0.9408188807437868 12
1741258683855 0.9476577865188629 13
1741258797963 0.9504291078133381 14
1741258912061 0.9524405506883604 15
1741259026134 0.9578937958161988 16
1741259140407 0.957983193277311 17
1741259254535 0.9578937958161988 18
1741259368815 0.9595923475773288 19
1741259483061 0.9599052386912211 20
1741259597166 0.9650008939746111 21
1741259711326 0.9634811371357054 22
1741259825411 0.9661630609690685 23
1741259939437 0.9628106561773646 24
1741260053462 0.966654747005185 25
1741260167757 0.9689343822635437 26
1741260281940 0.9694260682996603 27
1741260396056 0.9730913642052565 28
1741260510198 0.9693813695691043 29
1741260624335 0.9722867870552476 30
