1741704926978 9.901e-05 0
1741704942735 9.802e-05 1
1741704958443 9.703e-05 2
1741704974079 9.604e-05 3
1741704989834 9.504999999999999e-05 4
1741705005448 9.405999999999999e-05 5
1741705021055 9.306999999999999e-05 6
1741705036662 9.207999999999999e-05 7
1741705052200 9.108999999999998e-05 8
1741705067833 9.009999999999998e-05 9
1741705083381 8.910999999999998e-05 10
1741705098814 8.811999999999998e-05 11
1741705114321 8.712999999999997e-05 12
1741705129787 8.613999999999997e-05 13
1741705145552 8.514999999999998e-05 14
1741705161255 8.415999999999998e-05 15
1741705176872 8.316999999999998e-05 16
1741705192300 8.217999999999998e-05 17
1741705207969 8.118999999999997e-05 18
1741705223534 8.019999999999997e-05 19
1741705238801 7.920999999999997e-05 20
1741705254367 7.821999999999997e-05 21
1741705270001 7.722999999999996e-05 22
1741705285483 7.623999999999996e-05 23
1741705301324 7.524999999999996e-05 24
1741705316874 7.425999999999996e-05 25
1741705332618 7.326999999999995e-05 26
1741705348281 7.227999999999995e-05 27
1741705363672 7.128999999999995e-05 28
1741705379168 7.029999999999995e-05 29
1741705394738 6.930999999999994e-05 30
1741705410289 6.831999999999994e-05 31
1741705425560 6.732999999999995e-05 32
1741705441222 6.633999999999995e-05 33
1741705456940 6.534999999999995e-05 34
1741705472554 6.435999999999995e-05 35
1741705487821 6.336999999999994e-05 36
1741705503582 6.237999999999994e-05 37
1741705519149 6.138999999999994e-05 38
1741705534345 6.039999999999994e-05 39
1741705549897 5.9409999999999934e-05 40
1741705565211 5.841999999999994e-05 41
1741705580423 5.742999999999994e-05 42
1741705595774 5.643999999999994e-05 43
1741705611166 5.5449999999999945e-05 44
1741705626725 5.445999999999995e-05 45
1741705642149 5.3469999999999954e-05 46
1741705657330 5.247999999999996e-05 47
1741705672641 5.1489999999999956e-05 48
1741705687925 5.049999999999996e-05 49
1741705703415 4.950999999999996e-05 50
1741705718724 4.8519999999999956e-05 51
1741705734045 4.752999999999995e-05 52
1741705749778 4.653999999999995e-05 53
1741705765006 4.5549999999999955e-05 54
1741705780216 4.455999999999996e-05 55
1741705795732 4.3569999999999964e-05 56
1741705811003 4.257999999999997e-05 57
1741705826726 4.1589999999999966e-05 58
1741705842137 4.059999999999997e-05 59
1741705857546 3.960999999999997e-05 60
1741705872874 3.8619999999999966e-05 61
1741705888246 3.762999999999997e-05 62
1741705903656 3.6639999999999974e-05 63
1741705919131 3.564999999999997e-05 64
1741705934734 3.465999999999997e-05 65
1741705949944 3.366999999999997e-05 66
1741705965358 3.2679999999999965e-05 67
1741705980694 3.168999999999997e-05 68
1741705996533 3.0699999999999974e-05 69
1741706011869 2.9709999999999975e-05 70
1741706027189 2.8719999999999976e-05 71
1741706042662 2.7729999999999977e-05 72
1741706058087 2.6739999999999978e-05 73
1741706073370 2.574999999999998e-05 74
1741706088879 2.475999999999998e-05 75
1741706104200 2.376999999999998e-05 76
1741706119495 2.2779999999999982e-05 77
1741706134827 2.1789999999999983e-05 78
