1741704926978 0.46937370956641433 0
1741704942735 0.5907590759075908 1
1741704958443 0.729936305732484 2
1741704974079 0.7757575757575758 3
1741704989834 0.7147385103011094 4
1741705005448 0.7404902789518174 5
1741705021055 0.8073929961089494 6
1741705036662 0.7943585077343039 7
1741705052200 0.8038029386343993 8
1741705067833 0.8024096385542169 9
1741705083381 0.8136752136752137 10
1741705098814 0.8522522522522522 11
1741705114321 0.8573770491803279 12
1741705129787 0.8815896188158961 13
1741705145552 0.8570306362922231 14
1741705161255 0.8813278008298755 15
1741705176872 0.8847139197267293 16
1741705192300 0.8738812042310822 17
1741705207969 0.8850957535387177 18
1741705223534 0.8791565287915653 19
1741705238801 0.8961965134706814 20
1741705254367 0.8933764135702746 21
1741705270001 0.9031476997578692 22
1741705285483 0.913961038961039 23
1741705301324 0.8931419457735247 24
1741705316874 0.902676399026764 25
1741705332618 0.9147727272727273 26
1741705348281 0.8996865203761756 27
1741705363672 0.9001623376623377 28
1741705379168 0.9050736497545008 29
1741705394738 0.9004115226337449 30
1741705410289 0.9119601328903655 31
1741705425560 0.9196062346185397 32
1741705441222 0.9246519246519247 33
1741705456940 0.9242779078844653 34
1741705472554 0.9167987321711569 35
1741705487821 0.9184013322231473 36
1741705503582 0.9322429906542056 37
1741705519149 0.9266198282591726 38
1741705534345 0.9123376623376623 39
1741705549897 0.9322742474916388 40
1741705565211 0.9206730769230769 41
1741705580423 0.9273570324574961 42
1741705595774 0.9289137380191693 43
1741705611166 0.9395465994962217 44
1741705626725 0.9303482587064676 45
1741705642149 0.9301561216105176 46
1741705657330 0.9355102040816327 47
1741705672641 0.9331723027375202 48
1741705687925 0.9326999208234362 49
1741705703415 0.9278267842822775 50
1741705718724 0.9424460431654677 51
1741705734045 0.94 52
1741705749778 0.9485530546623794 53
1741705765006 0.9263157894736842 54
1741705780216 0.9474110032362459 55
1741705795732 0.9510825982357658 56
1741705811003 0.9391304347826087 57
1741705826726 0.9305210918114144 58
1741705842137 0.9481311975591151 59
1741705857546 0.9262229350441058 60
1741705872874 0.9448441247002398 61
1741705888246 0.9346613545816733 62
1741705903656 0.936698717948718 63
1741705919131 0.9385474860335196 64
1741705934734 0.9408473221422862 65
1741705949944 0.9507936507936507 66
1741705965358 0.9417322834645669 67
1741705980694 0.9450980392156862 68
1741705996533 0.9423538831064852 69
1741706011869 0.9454691259021651 70
1741706027189 0.9403225806451613 71
1741706042662 0.9405940594059405 72
1741706058087 0.9409937888198758 73
1741706073370 0.9370629370629371 74
1741706088879 0.9545098039215686 75
1741706104200 0.9375 76
1741706119495 0.9419354838709677 77
1741706134827 0.9552845528455285 78
