1741704926978 0.5425616547334925 0
1741704942735 0.5714285714285714 1
1741704958443 0.46321746160064675 2
1741704974079 0.5148833467417538 3
1741704989834 0.7204472843450479 4
1741705005448 0.6935866983372921 5
1741705021055 0.6747967479674797 6
1741705036662 0.6989591673338671 7
1741705052200 0.7248636009353079 8
1741705067833 0.7947494033412887 9
1741705083381 0.7628205128205128 10
1741705098814 0.7760459392945037 11
1741705114321 0.821681068342498 12
1741705129787 0.8445998445998446 13
1741705145552 0.8543461237274863 14
1741705161255 0.846215139442231 15
1741705176872 0.854080791426216 16
1741705192300 0.8571428571428571 17
1741705207969 0.8593371059013742 18
1741705223534 0.8644338118022329 19
1741705238801 0.8653404743687835 20
1741705254367 0.8798727128082736 21
1741705270001 0.8866877971473851 22
1741705285483 0.8668206312548113 23
1741705301324 0.8974358974358975 24
1741705316874 0.8763779527559055 25
1741705332618 0.8756798756798757 26
1741705348281 0.9018067556952082 27
1741705363672 0.8829617834394905 28
1741705379168 0.8862179487179487 29
1741705394738 0.9018961253091509 30
1741705410289 0.8919577579203899 31
1741705425560 0.8975180144115292 32
1741705441222 0.892490118577075 33
1741705456940 0.9038167938931297 34
1741705472554 0.9211783439490446 35
1741705487821 0.8982084690553745 36
1741705503582 0.9193548387096774 37
1741705519149 0.9244548286604362 38
1741705534345 0.9042638777152051 39
1741705549897 0.9139344262295082 40
1741705565211 0.9221508828250401 41
1741705580423 0.9202453987730062 42
1741705595774 0.9274322169059012 43
1741705611166 0.9127243066884176 44
1741705626725 0.9257425742574258 45
1741705642149 0.9136400322841001 46
1741705657330 0.9146049481245012 47
1741705672641 0.9183835182250396 48
1741705687925 0.9203125 49
1741705703415 0.9491386382280558 50
1741705718724 0.9372019077901431 51
1741705734045 0.9306930693069307 52
1741705749778 0.9320695102685624 53
1741705765006 0.9377049180327869 54
1741705780216 0.9360511590727418 55
1741705795732 0.9331235247836349 56
1741705811003 0.9383886255924171 57
1741705826726 0.9367194004995837 58
1741705842137 0.9381132075471698 59
1741705857546 0.9420880913539967 60
1741705872874 0.9373513084853291 61
1741705888246 0.9324324324324325 62
1741705903656 0.9629324546952224 63
1741705919131 0.9318541996830428 64
1741705934734 0.9408473221422862 65
1741705949944 0.9337490257209665 66
1741705965358 0.9424743892829 67
1741705980694 0.9540775930324624 68
1741705996533 0.9446227929373997 69
1741706011869 0.946987951807229 70
1741706027189 0.933546837469976 71
1741706042662 0.9348978046934141 72
1741706058087 0.9461358313817331 73
1741706073370 0.9533596837944665 74
1741706088879 0.9485580670303975 75
1741706104200 0.957962813257882 76
1741706119495 0.9449838187702265 77
1741706134827 0.9491114701130856 78
