1741704926978 0.464171974522293 0
1741704942735 0.5887738853503185 1
1741704958443 0.6512738853503185 2
1741704974079 0.6863057324840764 3
1741704989834 0.7173566878980892 4
1741705005448 0.7237261146496815 5
1741705021055 0.7619426751592356 6
1741705036662 0.7603503184713376 7
1741705052200 0.7691082802547771 8
1741705067833 0.7993630573248408 9
1741705083381 0.7953821656050956 10
1741705098814 0.8260350318471338 11
1741705114321 0.8403662420382165 12
1741705129787 0.8622611464968153 13
1741705145552 0.8535031847133758 14
1741705161255 0.8662420382165605 15
1741705176872 0.8757961783439491 16
1741705192300 0.8670382165605095 17
1741705207969 0.8757961783439491 18
1741705223534 0.8730095541401274 19
1741705238801 0.8777866242038217 20
1741705254367 0.8873407643312102 21
1741705270001 0.8953025477707006 22
1741705285483 0.8889331210191083 23
1741705301324 0.8957006369426752 24
1741705316874 0.8897292993630573 25
1741705332618 0.8945063694267515 26
1741705348281 0.8992834394904459 27
1741705363672 0.892515923566879 28
1741705379168 0.8972929936305732 29
1741705394738 0.9044585987261147 30
1741705410289 0.9048566878980892 31
1741705425560 0.910031847133758 32
1741705441222 0.9092356687898089 33
1741705456940 0.9112261146496815 34
1741705472554 0.9187898089171974 35
1741705487821 0.9112261146496815 36
1741705503582 0.9235668789808917 37
1741705519149 0.9239649681528662 38
1741705534345 0.9096337579617835 39
1741705549897 0.9259554140127388 40
1741705565211 0.9219745222929936 41
1741705580423 0.9211783439490446 42
1741705595774 0.928343949044586 43
1741705611166 0.9287420382165605 44
1741705626725 0.9307324840764332 45
1741705642149 0.9235668789808917 46
1741705657330 0.9259554140127388 47
1741705672641 0.9259554140127388 48
1741705687925 0.9255573248407644 49
1741705703415 0.9394904458598726 50
1741705718724 0.9398885350318471 51
1741705734045 0.9378980891719745 52
1741705749778 0.9402866242038217 53
1741705765006 0.9335191082802548 54
1741705780216 0.9422770700636943 55
1741705795732 0.9418789808917197 56
1741705811003 0.9382961783439491 57
1741705826726 0.9363057324840764 58
1741705842137 0.9402866242038217 59
1741705857546 0.9351114649681529 60
1741705872874 0.9410828025477707 61
1741705888246 0.9335191082802548 62
1741705903656 0.9506369426751592 63
1741705919131 0.9351114649681529 64
1741705934734 0.9410828025477707 65
1741705949944 0.9414808917197452 66
1741705965358 0.9414808917197452 67
1741705980694 0.9490445859872612 68
1741705996533 0.9438694267515924 69
1741706011869 0.946656050955414 70
1741706027189 0.9375 71
1741706042662 0.9347133757961783 72
1741706058087 0.9422770700636943 73
1741706073370 0.9442675159235668 74
1741706088879 0.9506369426751592 75
1741706104200 0.9478503184713376 76
1741706119495 0.9442675159235668 77
1741706134827 0.9530254777070064 78
