1741704926978 0.5033210332103321 0
1741704942735 0.5809330628803245 1
1741704958443 0.5667655786350149 2
1741704974079 0.6189555125725339 3
1741704989834 0.7175815433571997 4
1741705005448 0.7162714636140638 5
1741705021055 0.7351638618246236 6
1741705036662 0.7436115843270868 7
1741705052200 0.7622950819672131 8
1741705067833 0.7985611510791367 9
1741705083381 0.7874276261373035 10
1741705098814 0.8123658222413053 11
1741705114321 0.8391496189330124 12
1741705129787 0.8626984126984127 13
1741705145552 0.855686274509804 14
1741705161255 0.8634146341463415 15
1741705176872 0.8691275167785235 16
1741705192300 0.8654311039484287 17
1741705207969 0.8720262510254306 18
1741705223534 0.8717330116606353 19
1741705238801 0.8804982483456598 20
1741705254367 0.8865731462925852 21
1741705270001 0.8948420631747301 22
1741705285483 0.889766890557092 23
1741705301324 0.8952837729816147 24
1741705316874 0.8893328006392329 25
1741705332618 0.8947995236204843 26
1741705348281 0.9007453903491566 27
1741705363672 0.8914790996784566 28
1741705379168 0.8955465587044534 29
1741705394738 0.9011532125205931 30
1741705410289 0.9018480492813141 31
1741705425560 0.9084278768233387 32
1741705441222 0.9082864038616251 33
1741705456940 0.9139328444615978 34
1741705472554 0.9189833200953137 35
1741705487821 0.9081926718814327 36
1741705503582 0.925754060324826 37
1741705519149 0.9255360623781677 38
1741705534345 0.9082828282828282 39
1741705549897 0.9230132450331126 40
1741705565211 0.921411387329591 41
1741705580423 0.9237875288683602 42
1741705595774 0.928172386272945 43
1741705611166 0.92594124948283 44
1741705626725 0.9280397022332506 45
1741705642149 0.9218241042345277 46
1741705657330 0.9249394673123487 47
1741705672641 0.9257188498402555 48
1741705687925 0.9264648053480141 49
1741705703415 0.9383617193836172 50
1741705718724 0.939816660023914 51
1741705734045 0.9353233830845771 52
1741705749778 0.9402390438247012 53
1741705765006 0.9319755600814664 54
1741705780216 0.9416968234821069 55
1741705795732 0.9420174741858618 56
1741705811003 0.938759383642829 57
1741705826726 0.9336099585062241 58
1741705842137 0.9430955993930197 59
1741705857546 0.9340881520420542 60
1741705872874 0.9410828025477707 61
1741705888246 0.9335455630720255 62
1741705903656 0.9496344435418359 63
1741705919131 0.9351888667992048 64
1741705934734 0.9408473221422862 65
1741705949944 0.9421942587495085 66
1741705965358 0.942103190232375 67
1741705980694 0.9495665878644602 68
1741705996533 0.9434869739478958 69
1741706011869 0.9462279293739968 70
1741706027189 0.9369224588188028 71
1741706042662 0.9377372817008353 72
1741706058087 0.9435578045932269 73
1741706073370 0.945141065830721 74
1741706088879 0.9515246286161063 75
1741706104200 0.9476209516193522 76
1741706119495 0.9434571890145396 77
1741706134827 0.9521880064829822 78
