1741704926978 0.6962862799439249 0
1741704942735 0.6866455432734911 1
1741704958443 0.6776940558530107 2
1741704974079 0.66585903907124 3
1741704989834 0.6551238819013668 4
1741705005448 0.6443972904470903 5
1741705021055 0.6276029318193846 6
1741705036662 0.6106001063238217 7
1741705052200 0.5904711658441568 8
1741705067833 0.5543188433858413 9
1741705083381 0.5317958631092989 10
1741705098814 0.48594005349316177 11
1741705114321 0.45382367319698574 12
1741705129787 0.4014724296859548 13
1741705145552 0.3967691165736959 14
1741705161255 0.36293444075161896 15
1741705176872 0.34419817373722417 16
1741705192300 0.3348051017221016 17
1741705207969 0.31631473404697225 18
1741705223534 0.32005867211124567 19
1741705238801 0.3043345427965816 20
1741705254367 0.2921577848588364 21
1741705270001 0.27654531862162335 22
1741705285483 0.2765540602275088 23
1741705301324 0.2680328610011294 24
1741705316874 0.26722244578826276 25
1741705332618 0.26958527208506305 26
1741705348281 0.24593808822616747 27
1741705363672 0.2540443951759157 28
1741705379168 0.2582760273089892 29
1741705394738 0.24523575481357454 30
1741705410289 0.23281599581241608 31
1741705425560 0.2200208022436009 32
1741705441222 0.21979949312119546 33
1741705456940 0.21730821740023698 34
1741705472554 0.2095599914842014 35
1741705487821 0.22048138119751895 36
1741705503582 0.1920512289846245 37
1741705519149 0.1968156040846547 38
1741705534345 0.21245592964600912 39
1741705549897 0.1923766006020051 40
1741705565211 0.18663694851006132 41
1741705580423 0.19759400198353996 42
1741705595774 0.18071997604226764 43
1741705611166 0.17730324229673494 44
1741705626725 0.16968547364201728 45
1741705642149 0.1882709783938112 46
1741705657330 0.18032438539062876 47
1741705672641 0.177655035794913 48
1741705687925 0.17369939754658106 49
1741705703415 0.16828170866717265 50
1741705718724 0.15164218574196478 51
1741705734045 0.15919324600055249 52
1741705749778 0.15620542732597906 53
1741705765006 0.16490332919019687 54
1741705780216 0.14645878621671773 55
1741705795732 0.14498699022622047 56
1741705811003 0.1577774354645723 57
1741705826726 0.15872857620633102 58
1741705842137 0.15037714979976793 59
1741705857546 0.15673434781500056 60
1741705872874 0.1460997124167183 61
1741705888246 0.17080407966918584 62
1741705903656 0.13651954245906842 63
1741705919131 0.1569166869113717 64
1741705934734 0.14985201276744467 65
1741705949944 0.14653423244628724 66
1741705965358 0.14023865400990354 67
1741705980694 0.13125218427445315 68
1741705996533 0.14098438153727144 69
1741706011869 0.1372477924333343 70
1741706027189 0.15216989211643797 71
1741706042662 0.15087926100137866 72
1741706058087 0.14997550741403917 73
1741706073370 0.14520557955661906 74
1741706088879 0.14022936954905715 75
1741706104200 0.13014498419022258 76
1741706119495 0.14164533819767494 77
1741706134827 0.12195616446529763 78
