1741704926978 0.4641095126257103 0
1741704942735 0.5887325541813231 1
1741704958443 0.6484714758983626 2
1741704974079 0.6845496323937295 3
1741704989834 0.7173664993153812 4
1741705005448 0.7238950305137222 5
1741705021055 0.7601752850601828 6
1741705036662 0.7600100666439724 7
1741705052200 0.7700802951788012 8
1741705067833 0.7993667335431544 9
1741705083381 0.7951760791950664 10
1741705098814 0.8246045628413742 11
1741705114321 0.8406226164957041 12
1741705129787 0.8627080855652285 13
1741705145552 0.8534888513374274 14
1741705161255 0.8662261059184106 15
1741705176872 0.8750773472142628 16
1741705192300 0.8670146374673777 17
1741705207969 0.8755509058918636 18
1741705223534 0.8729959202095425 19
1741705238801 0.8783133907113627 20
1741705254367 0.8873467149698739 21
1741705270001 0.8953438985736926 22
1741705285483 0.889716993286103 23
1741705301324 0.8957116196040246 24
1741705316874 0.8898797976339914 25
1741705332618 0.894982794982795 26
1741705348281 0.8992488177184678 27
1741705363672 0.892515923566879 28
1741705379168 0.8972228984096072 29
1741705394738 0.9043737747407956 30
1741705410289 0.9046049523403666 31
1741705425560 0.909962490974569 32
1741705441222 0.9093565268105904 33
1741705456940 0.9115589793092937 34
1741705472554 0.9187898089171974 35
1741705487821 0.910942240758217 36
1741705503582 0.9237270061316982 37
1741705519149 0.9239537986950389 38
1741705534345 0.9095787473682408 39
1741705549897 0.9256204638887479 40
1741705565211 0.9219759153461693 41
1741705580423 0.9212154146182912 42
1741705595774 0.92834249954993 43
1741705611166 0.9283683741840221 44
1741705626725 0.9305635948210206 45
1741705642149 0.9234343130784208 46
1741705657330 0.9259283676285731 47
1741705672641 0.9259917591125199 48
1741705687925 0.9256594967532468 49
1741705703415 0.9397665348912901 50
1741705718724 0.9398928199237797 51
1741705734045 0.9376542269611576 52
1741705749778 0.9403525721487275 53
1741705765006 0.9336357407501396 54
1741705780216 0.9422523836600822 55
1741705795732 0.9419848083225185 56
1741705811003 0.9382954363917141 57
1741705826726 0.9363230869774807 58
1741705842137 0.9404129643464576 59
1741705857546 0.9352742167500933 60
1741705872874 0.9410977165927844 61
1741705888246 0.9335208414155783 62
1741705903656 0.9510347943738053 63
1741705919131 0.9351270998415215 64
1741705934734 0.9410818688427529 65
1741705949944 0.9416507537066997 66
1741705965358 0.9414705011579423 67
1741705980694 0.9490163785818838 68
1741705996533 0.9438753775113539 69
1741706011869 0.9466589324939854 70
1741706027189 0.9374780901522484 71
1741706042662 0.9347033104071604 72
1741706058087 0.9421987036681209 73
1741706073370 0.9442018948242581 74
1741706088879 0.9506826136616593 75
1741706104200 0.9480010144720783 76
1741706119495 0.9442787432409127 77
1741706134827 0.9529701777566998 78
