1751894586066 9.9001e-05 0
1751895500545 9.800199999999999e-05 1
1751896418129 9.700299999999998e-05 2
1751897330688 9.600399999999998e-05 3
1751898246950 9.500499999999998e-05 4
1751899160864 9.400599999999998e-05 5
1751900073010 9.300699999999999e-05 6
1751900988388 9.200799999999999e-05 7
1751901899348 9.1009e-05 8
1751902813054 9.000999999999999e-05 9
1751903723679 8.901099999999999e-05 10
1751904637460 8.801199999999998e-05 11
1751905548552 8.701299999999999e-05 12
1751906462536 8.6014e-05 13
1751907375420 8.5015e-05 14
1751908286233 8.401599999999999e-05 15
1751909199000 8.3017e-05 16
1751910111715 8.201799999999999e-05 17
1751911024747 8.101899999999999e-05 18
1751911935763 8.001999999999998e-05 19
1751912847858 7.902099999999999e-05 20
1751913759478 7.802199999999999e-05 21
