1751894586066 0.925713280545806 0
1751895500545 0.9608043262760833 1
1751896418129 0.9750913009605809 2
1751897330688 0.9806193452284864 3
1751898246950 0.9851376580701617 4
1751899160864 0.9865837074465703 5
1751900073010 0.9883047678260989 6
1751900988388 0.9889238701016222 7
1751901899348 0.9900948632476707 8
1751902813054 0.9905371688385743 9
1751903723679 0.9911641568381868 10
1751904637460 0.9911024018021849 11
1751905548552 0.9923788760326826 12
1751906462536 0.9925027593711732 13
1751907375420 0.9933503786946044 14
1751908286233 0.9933072353082217 15
1751909199000 0.9932299566874722 16
1751910111715 0.9929712876949428 17
1751911024747 0.9943978942176862 18
1751911935763 0.9932095304199363 19
1751912847858 0.9937391866646946 20
1751913759478 0.9942137016494175 21
