1751894586066 0.9255821070617939 0
1751895500545 0.9607508097217617 1
1751896418129 0.9750835224809364 2
1751897330688 0.9806176838132157 3
1751898246950 0.9851317232409272 4
1751899160864 0.9865853969549361 5
1751900073010 0.988319604192701 6
1751900988388 0.9888806712402132 7
1751901899348 0.9901048175256943 8
1751902813054 0.9905383693351355 9
1751903723679 0.9911759455254903 10
1751904637460 0.9910739333350336 11
1751905548552 0.9923235826681288 12
1751906462536 0.9925021040014281 13
1751907375420 0.9933437045726964 14
1751908286233 0.993292698477468 15
1751909199000 0.9932416923822397 16
1751910111715 0.9929611588584836 17
1751911024747 0.9943893295248782 18
1751911935763 0.9932416923822397 19
1751912847858 0.9937517533345235 20
1751913759478 0.9942108081915789 21
