1751894586066 0.29685775500830097 0
1751895500545 0.11797879229802608 1
1751896418129 0.07428263893258283 2
1751897330688 0.05966534903257793 3
1751898246950 0.048899302096334 4
1751899160864 0.04470347163320988 5
1751900073010 0.03939768992948192 6
1751900988388 0.03705121580859628 7
1751901899348 0.033481003656386295 8
1751902813054 0.03218075306335962 9
1751903723679 0.032428737491592204 10
1751904637460 0.030592493921898906 11
1751905548552 0.026459675214916534 12
1751906462536 0.026561112686006815 13
1751907375420 0.024650706684457666 14
1751908286233 0.025209326036677044 15
1751909199000 0.024091358825902045 16
1751910111715 0.025865698478089304 17
1751911024747 0.021821546055660255 18
1751911935763 0.024069268714680625 19
1751912847858 0.023403977194905803 20
1751913759478 0.022236271132776767 21
