1751894586066 0.883622279601623 0
1751895500545 0.9378643606684803 1
1751896418129 0.9637305699481865 2
1751897330688 0.9737490570781997 3
1751898246950 0.9783549783549783 4
1751899160864 0.9808031440519978 5
1751900073010 0.9832393799073887 6
1751900988388 0.9840444512412704 7
1751901899348 0.9852333434129624 8
1751902813054 0.9854655563966692 9
1751903723679 0.9865927419354839 10
1751904637460 0.9865710361666412 11
1751905548552 0.9879592150432955 12
1751906462536 0.9889091461561835 13
1751907375420 0.9897032716205935 14
1751908286233 0.9894827761406361 15
1751909199000 0.989802614972992 16
1751910111715 0.9889925940955666 17
1751911024747 0.9912089028914071 18
1751911935763 0.9896073903002309 19
1751912847858 0.9908104014137844 20
1751913759478 0.9908233624011357 21
