1751894586066 0.9292537458177763 0
1751895500545 0.9616677874915938 1
1751896418129 0.9753687129711333 2
1751897330688 0.9807526718330547 3
1751898246950 0.9852236725383348 4
1751899160864 0.9866693699629986 5
1751900073010 0.9884132766646427 6
1751900988388 0.9888331113615408 7
1751901899348 0.9901737324621385 8
1751902813054 0.9905897273303741 9
1751903723679 0.9912391755709729 10
1751904637460 0.9910577414409811 11
1751905548552 0.9922552425061109 12
1751906462536 0.9925282098200671 13
1751907375420 0.993356242840779 14
1751908286233 0.9932930405732793 15
1751909199000 0.9932875706071582 16
1751910111715 0.9929717341482047 17
1751911024747 0.9943923327895595 18
1751911935763 0.9933227505228412 19
1751912847858 0.9937960547972956 20
1751913759478 0.9942258286063135 21
