1751894586066 0.9798547908784129 0
1751895500545 0.9867109634551495 1
1751896418129 0.9872913795743378 2
1751897330688 0.9878577623590633 3
1751898246950 0.9921894941038338 4
1751899160864 0.9926061904033451 5
1751900073010 0.9936419125127162 6
1751900988388 0.9936686055489782 7
1751901899348 0.9951639177356953 8
1751902813054 0.9957674655787864 9
1751903723679 0.9959295817645263 10
1751904637460 0.9955854422257584 11
1751905548552 0.9965887947074633 12
1751906462536 0.9961738598102234 13
1751907375420 0.9970362800204394 14
1751908286233 0.9971327632993703 15
1751909199000 0.996797153024911 16
1751910111715 0.996983023113111 17
1751911024747 0.9975962767861709 18
1751911935763 0.9970661136122212 19
1751912847858 0.9967997561718989 20
1751913759478 0.9976517433253357 21
