1741106883941 3.9200800000000006e-05 0
1741106985588 3.840160000000001e-05 1
1741107087448 3.760240000000001e-05 2
1741107189127 3.680320000000001e-05 3
1741107290980 3.600400000000001e-05 4
1741107392529 3.5204800000000006e-05 5
1741107494107 3.44056e-05 6
1741107595802 3.36064e-05 7
1741107697324 3.28072e-05 8
1741107798906 3.2008e-05 9
1741107900757 3.12088e-05 10
1741108002625 3.0409599999999998e-05 11
1741108104506 2.96104e-05 12
1741108206173 2.88112e-05 13
1741108307970 2.8012000000000002e-05 14
1741108409479 2.72128e-05 15
1741108510874 2.64136e-05 16
1741108612208 2.56144e-05 17
1741108713948 2.48152e-05 18
1741108815295 2.4016e-05 19
1741108916658 2.3216799999999998e-05 20
1741109017979 2.2417599999999997e-05 21
1741109119549 2.1618399999999996e-05 22
1741109221072 2.0819199999999995e-05 23
1741109322474 2.0019999999999995e-05 24
1741109424095 1.9220799999999994e-05 25
1741109525807 1.8421599999999993e-05 26
1741109627210 1.7622399999999992e-05 27
