1741106883941 0.5661364131619089 0
1741106985588 0.6990084985835694 1
1741107087448 0.7811069949880148 2
1741107189127 0.8347134451950315 3
1741107290980 0.8682174765744171 4
1741107392529 0.8894639354979298 5
1741107494107 0.90379167574635 6
1741107595802 0.9133253432120287 7
1741107697324 0.9216060143822183 8
1741107798906 0.9272717367618217 9
1741107900757 0.9309762475484855 10
1741108002625 0.9366964480278928 11
1741108104506 0.9405643931139682 12
1741108206173 0.9442689039006319 13
1741108307970 0.9450315972978862 14
1741108409479 0.947374155589453 15
1741108510874 0.9484092394857268 16
1741108612208 0.9498256700806276 17
1741108713948 0.9556003486598388 18
1741108815295 0.9516779254739595 19
1741108916658 0.9569623011549357 20
1741109017979 0.9578884288516016 21
1741109119549 0.9589235127478754 22
1741109221072 0.9585421660492482 23
1741109322474 0.961320549139246 24
1741109424095 0.9641534103290478 25
1741109525807 0.9602854652429723 26
1741109627210 0.961810852037481 27
