1741106883941 0.6087144556168235 0
1741106985588 0.7428199848271377 1
1741107087448 0.761129207383279 2
1741107189127 0.8277807921866522 3
1741107290980 0.8574102620568157 4
1741107392529 0.8833206231615645 5
1741107494107 0.903921143847487 6
1741107595802 0.9143673738595142 7
1741107697324 0.9238893728222997 8
1741107798906 0.9289902280130293 9
1741107900757 0.9303207628955353 10
1741108002625 0.9407063397775137 11
1741108104506 0.9463467829880043 12
1741108206173 0.9470715835140998 13
1741108307970 0.9498958447538647 14
1741108409479 0.9478251437249159 15
1741108510874 0.951776378960845 16
1741108612208 0.9519607843137254 17
1741108713948 0.9588744588744589 18
1741108815295 0.9530208674751448 19
1741108916658 0.9587776189952731 20
1741109017979 0.9600824384423473 21
1741109119549 0.9606090698444224 22
1741109221072 0.9577311746169728 23
1741109322474 0.9640035118525022 24
1741109424095 0.9660557423272964 25
1741109525807 0.9634024620161916 26
1741109627210 0.9621261733246016 27
