1741106883941 0.5644110275689223 0
1741106985588 0.6849890065960423 1
1741107087448 0.7940643407340281 2
1741107189127 0.8405509641873278 3
1741107290980 0.8738637638873302 4
1741107392529 0.8943304654754026 5
1741107494107 0.904705117085863 6
1741107595802 0.9110624315443593 7
1741107697324 0.9197831978319784 8
1741107798906 0.9262747645339396 9
1741107900757 0.932240199804539 10
1741108002625 0.9342486324144589 11
1741108104506 0.935431712838202 12
1741108206173 0.9422682637315204 13
1741108307970 0.9401041666666666 14
1741108409479 0.9474140735118725 15
1741108510874 0.947429906542056 16
1741108612208 0.9479336153595834 17
1741108713948 0.9532006455083378 18
1741108815295 0.9502178649237473 19
1741108916658 0.9545802779905878 20
1741109017979 0.9562445980985307 21
1741109119549 0.9563880039547402 22
1741109221072 0.9595035924232528 23
1741109322474 0.9583242417630373 24
1741109424095 0.9627147952015562 25
1741109525807 0.9560862865947611 26
1741109627210 0.9613916457628967 27
