1741106883941 0.585726175613816 0
1741106985588 0.7127333229345396 1
1741107087448 0.7772480319325867 2
1741107189127 0.834117003827228 3
1741107290980 0.8655588284332796 4
1741107392529 0.8887914497122499 5
1741107494107 0.9043129605548331 6
1741107595802 0.91271191090141 7
1741107697324 0.9218317127491987 8
1741107798906 0.9276305090258579 9
1741107900757 0.9312794923252156 10
1741108002625 0.9374663652997525 11
1741108104506 0.9408575920203828 12
1741108206173 0.9446638178179261 13
1741108307970 0.9449746414353493 14
1741108409479 0.9476195640386075 15
1741108510874 0.949598169141519 16
1741108612208 0.9499429316810696 17
1741108713948 0.9560291340706771 18
1741108815295 0.9516173021327661 19
1741108916658 0.9566743446309093 20
1741109017979 0.9581596752368065 21
1741109119549 0.958493889684025 22
1741109221072 0.9586165642503671 23
1741109322474 0.961155487471277 24
1741109424095 0.9643823752300531 25
1741109525807 0.9597304314202066 26
1741109627210 0.9617587692979106 27
