1741106883941 0.6869463455386278 0
1741106985588 0.6665186264166018 1
1741107087448 0.6316688581003129 2
1741107189127 0.5534388502404249 3
1741107290980 0.42844825053671926 4
1741107392529 0.3243672880976873 5
1741107494107 0.2634679034923427 6
1741107595802 0.22924155557612508 7
1741107697324 0.20662926308784751 8
1741107798906 0.1896008067676726 9
1741107900757 0.18003120150040666 10
1741108002625 0.16333339826077325 11
1741108104506 0.15493718382840788 12
1741108206173 0.14556808206690833 13
1741108307970 0.14513118271083159 14
1741108409479 0.133744317648822 15
1741108510874 0.13653128469226564 16
1741108612208 0.13255468818589475 17
1741108713948 0.11932955432086144 18
1741108815295 0.12392927253884929 19
1741108916658 0.11303996307067962 20
1741109017979 0.11268251639456596 21
1741109119549 0.10758732211247138 22
1741109221072 0.10826131197354572 23
1741109322474 0.10398240728329751 24
1741109424095 0.09655580043513652 25
1741109525807 0.10062622607163177 26
1741109627210 0.10063985991372827 27
