1741106883941 0.565804466196465 0
1741106985588 0.6987733399872353 1
1741107087448 0.7811768932171151 2
1741107189127 0.8347415064751225 3
1741107290980 0.8681056054730918 4
1741107392529 0.8894646049228331 5
1741107494107 0.9037909094949842 6
1741107595802 0.9133344591513792 7
1741107697324 0.9216045206893878 8
1741107798906 0.9272657241092918 9
1741107900757 0.9309798380647702 10
1741108002625 0.9366607438142269 11
1741108104506 0.9405694289422931 12
1741108206173 0.944256019427803 13
1741108307970 0.9450616202654003 14
1741108409479 0.9473721318931027 15
1741108510874 0.9483361467330108 16
1741108612208 0.9498252047113527 17
1741108713948 0.9555780806877779 18
1741108815295 0.9516815735832749 19
1741108916658 0.9569781820000667 20
1741109017979 0.9578785837828458 21
1741109119549 0.9589443713582385 22
1741109221072 0.9585443811465723 23
1741109322474 0.9613397048661039 24
1741109424095 0.9641444557285087 25
1741109525807 0.9603392008121434 26
1741109627210 0.9618114007802038 27
