1741703087870 9.901e-05 0
1741703103040 9.802e-05 1
1741703117893 9.703e-05 2
1741703133098 9.604e-05 3
1741703148094 9.504999999999999e-05 4
1741703163412 9.405999999999999e-05 5
1741703178339 9.306999999999999e-05 6
1741703193687 9.207999999999999e-05 7
1741703208766 9.108999999999998e-05 8
1741703223980 9.009999999999998e-05 9
1741703239327 8.910999999999998e-05 10
1741703254390 8.811999999999998e-05 11
1741703269555 8.712999999999997e-05 12
1741703284851 8.613999999999997e-05 13
1741703300034 8.514999999999998e-05 14
1741703315169 8.415999999999998e-05 15
1741703330614 8.316999999999998e-05 16
1741703345950 8.217999999999998e-05 17
1741703361092 8.118999999999997e-05 18
1741703376303 8.019999999999997e-05 19
1741703391639 7.920999999999997e-05 20
1741703406866 7.821999999999997e-05 21
1741703421982 7.722999999999996e-05 22
1741703437328 7.623999999999996e-05 23
1741703452460 7.524999999999996e-05 24
1741703467356 7.425999999999996e-05 25
1741703482106 7.326999999999995e-05 26
1741703497128 7.227999999999995e-05 27
1741703512397 7.128999999999995e-05 28
1741703527652 7.029999999999995e-05 29
1741703542687 6.930999999999994e-05 30
1741703557630 6.831999999999994e-05 31
1741703573011 6.732999999999995e-05 32
1741703587870 6.633999999999995e-05 33
1741703602749 6.534999999999995e-05 34
1741703617668 6.435999999999995e-05 35
1741703632601 6.336999999999994e-05 36
1741703647556 6.237999999999994e-05 37
1741703662955 6.138999999999994e-05 38
1741703678321 6.039999999999994e-05 39
1741703693259 5.9409999999999934e-05 40
1741703708182 5.841999999999994e-05 41
1741703723112 5.742999999999994e-05 42
1741703738082 5.643999999999994e-05 43
1741703752968 5.5449999999999945e-05 44
1741703767875 5.445999999999995e-05 45
1741703782844 5.3469999999999954e-05 46
1741703797702 5.247999999999996e-05 47
1741703812781 5.1489999999999956e-05 48
