1741703087870 0.5073815073815073 0
1741703103040 0.5894819466248038 1
1741703117893 0.528281750266809 2
1741703133098 0.5616139585605234 3
1741703148094 0.6685926537350392 4
1741703163412 0.6572769953051644 5
1741703178339 0.6439716312056738 6
1741703193687 0.6475644699140402 7
1741703208766 0.665129151291513 8
1741703223980 0.6825251601097896 9
1741703239327 0.6868875408306113 10
1741703254390 0.696798493408663 11
1741703269555 0.7010119595216191 12
1741703284851 0.7238437359676695 13
1741703300034 0.747281426707264 14
1741703315169 0.7553423462712604 15
1741703330614 0.7776321537789428 16
1741703345950 0.7615212527964206 17
1741703361092 0.8030560271646859 18
1741703376303 0.8123938879456706 19
1741703391639 0.8311367380560132 20
1741703406866 0.8326112642772745 21
1741703421982 0.8480707395498392 22
1741703437328 0.829450915141431 23
1741703452460 0.8487958941966048 24
1741703467356 0.8332636857501045 25
1741703482106 0.8475836431226765 26
1741703497128 0.8629524196827979 27
1741703512397 0.8688138256087982 28
1741703527652 0.8713029576338929 29
1741703542687 0.8755085435313262 30
1741703557630 0.8760539629005059 31
1741703573011 0.8801341156747695 32
1741703587870 0.8807785888077859 33
1741703602749 0.8859721082854799 34
1741703617668 0.9052300432559969 35
1741703632601 0.8883572567783095 36
1741703647556 0.886942010846892 37
1741703662955 0.9002004008016032 38
1741703678321 0.8910891089108911 39
1741703693259 0.9030960997185364 40
1741703708182 0.897203947368421 41
1741703723112 0.9023293829178586 42
1741703738082 0.9052379048380648 43
1741703752968 0.9089430894308943 44
1741703767875 0.9067550766680481 45
1741703782844 0.9162886597938145 46
1741703797702 0.9112970711297071 47
1741703812781 0.9064748201438849 48
