1741703087870 0.5383347073371806 0
1741703103040 0.6130612244897959 1
1741703117893 0.4230769230769231 2
1741703133098 0.42632450331125826 3
1741703148094 0.6683168316831684 4
1741703163412 0.5751848808545604 5
1741703178339 0.5660847880299252 6
1741703193687 0.5607940446650124 7
1741703208766 0.5924404272801972 8
1741703223980 0.6099754701553557 9
1741703239327 0.6082644628099173 10
1741703254390 0.6166666666666667 11
1741703269555 0.6215334420880914 12
1741703284851 0.6590351594439902 13
1741703300034 0.700081499592502 14
1741703315169 0.6983870967741935 15
1741703330614 0.7398171238570241 16
1741703345950 0.7169334456613311 17
1741703361092 0.782464846980976 18
1741703376303 0.7928748964374482 19
1741703391639 0.8223308883455582 20
1741703406866 0.8531073446327684 21
1741703421982 0.8487530168946098 22
1741703437328 0.8413502109704641 23
1741703452460 0.8613782051282052 24
1741703467356 0.8350083752093802 25
1741703482106 0.8621848739495799 26
1741703497128 0.8570274636510501 27
1741703512397 0.8743083003952569 28
1741703527652 0.889795918367347 29
1741703542687 0.8755085435313262 30
1741703557630 0.8850085178875639 31
1741703573011 0.8793969849246231 32
1741703587870 0.8858075040783034 33
1741703602749 0.8866995073891626 34
1741703617668 0.9156722354813047 35
1741703632601 0.9056910569105691 36
1741703647556 0.8910310142497905 37
1741703662955 0.9034593724859211 38
1741703678321 0.8858267716535433 39
1741703693259 0.907108239095315 40
1741703708182 0.9046434494195689 41
1741703723112 0.9049180327868852 42
1741703738082 0.9077786688051324 43
1741703752968 0.9194078947368421 44
1741703767875 0.9139515455304928 45
1741703782844 0.9242928452579035 46
1741703797702 0.9014900662251656 47
1741703812781 0.9114893617021277 48
