1741703087870 0.4787653848416831 0
1741703103040 0.5695794937693387 1
1741703117893 0.6287333902230892 2
1741703133098 0.667819114400727 3
1741703148094 0.6698141535465023 4
1741703163412 0.6999381194396259 5
1741703178339 0.6890635494258659 6
1741703193687 0.6957690583096117 7
1741703208766 0.7015700078787818 8
1741703223980 0.7152441453340881 9
1741703239327 0.7235266667568407 10
1741703254390 0.7336580086580087 11
1741703269555 0.7336522931833492 12
1741703284851 0.7476317236425907 13
1741703300034 0.7616590070576618 14
1741703315169 0.7707539510716604 15
1741703330614 0.7901689362165513 16
1741703345950 0.7793502569672116 17
1741703361092 0.8090574439320253 18
1741703376303 0.8180701012799486 19
1741703391639 0.831497394380248 20
1741703406866 0.8247095817883038 21
1741703421982 0.8444774335944873 22
1741703437328 0.8316614727667075 23
1741703452460 0.8420066701316702 24
1741703467356 0.8359209888970972 25
1741703482106 0.8485642566205225 26
1741703497128 0.861512056783649 27
1741703512397 0.8621755726483568 28
1741703527652 0.8674331704512791 29
1741703542687 0.8741632493217728 30
1741703557630 0.8793087104541158 31
1741703573011 0.8823479270342017 32
1741703587870 0.8790563225200804 33
1741703602749 0.8856891276649272 34
1741703617668 0.900389309230014 35
1741703632601 0.884625894511857 36
1741703647556 0.8886147807326435 37
1741703662955 0.8974824196323634 38
1741703678321 0.8869753479610231 39
1741703693259 0.9007903004521802 40
1741703708182 0.8972646284618235 41
1741703723112 0.9017164421360169 42
1741703738082 0.9024125411536209 43
1741703752968 0.9078947368421052 44
1741703767875 0.9075830602146391 45
1741703782844 0.9166179673443989 46
1741703797702 0.9127548370341516 47
1741703812781 0.9092053013761235 48
