1741703087870 0.6968464710210499 0
1741703103040 0.6870019702534926 1
1741703117893 0.6772987795503516 2
1741703133098 0.6692700684070587 3
1741703148094 0.6581083685159683 4
1741703163412 0.645927441747565 5
1741703178339 0.636607333233482 6
1741703193687 0.6221204917681845 7
1741703208766 0.6088875900757941 8
1741703223980 0.5899848992887297 9
1741703239327 0.574703679273003 10
1741703254390 0.5552176342982995 11
1741703269555 0.5420321551592726 12
1741703284851 0.5234515659118953 13
1741703300034 0.5037905856182701 14
1741703315169 0.4903213342553691 15
1741703330614 0.46121995660819504 16
1741703345950 0.458572585723902 17
1741703361092 0.4202413872668618 18
1741703376303 0.40333037117594167 19
1741703391639 0.39705127516859456 20
1741703406866 0.3850789205416253 21
1741703421982 0.36327514150425005 22
1741703437328 0.35745376721024513 23
1741703452460 0.34944395799385874 24
1741703467356 0.34811380642809364 25
1741703482106 0.32995544726911347 26
1741703497128 0.3230870622945459 27
1741703512397 0.3151195982569142 28
1741703527652 0.30548290986763804 29
1741703542687 0.29798044127069023 30
1741703557630 0.29442277511483744 31
1741703573011 0.2770120603473563 32
1741703587870 0.2754057483061364 33
1741703602749 0.2694587156568703 34
1741703617668 0.24654190722656877 35
1741703632601 0.2595482835252034 36
1741703647556 0.2501258183466761 37
1741703662955 0.2406461851573304 38
1741703678321 0.2487398574226781 39
1741703693259 0.2354693418662799 40
1741703708182 0.23421848486912877 41
1741703723112 0.22941090803789466 42
1741703738082 0.2285805631821093 43
1741703752968 0.22601505231700444 44
1741703767875 0.22369749569579175 45
1741703782844 0.20797202951813998 46
1741703797702 0.2138049849554112 47
1741703812781 0.21910983843630866 48
