1741703087870 0.4786184210526316 0
1741703103040 0.5699013157894737 1
1741703117893 0.6365131578947368 2
1741703133098 0.6694078947368421 3
1741703148094 0.6698190789473685 4
1741703163412 0.6998355263157895 5
1741703178339 0.6903782894736842 6
1741703193687 0.696546052631579 7
1741703208766 0.7014802631578947 8
1741703223980 0.7146381578947368 9
1741703239327 0.7240953947368421 10
1741703254390 0.7351973684210527 11
1741703269555 0.7327302631578947 12
1741703284851 0.7471217105263158 13
1741703300034 0.7611019736842105 14
1741703315169 0.7693256578947368 15
1741703330614 0.7907072368421053 16
1741703345950 0.7808388157894737 17
1741703361092 0.8092105263157895 18
1741703376303 0.8182565789473685 19
1741703391639 0.8314144736842105 20
1741703406866 0.8252467105263158 21
1741703421982 0.8445723684210527 22
1741703437328 0.8314144736842105 23
1741703452460 0.842516447368421 24
1741703467356 0.8359375 25
1741703482106 0.8482730263157895 26
1741703497128 0.8614309210526315 27
1741703512397 0.8626644736842105 28
1741703527652 0.8675986842105263 29
1741703542687 0.8741776315789473 30
1741703557630 0.8791118421052632 31
1741703573011 0.8824013157894737 32
1741703587870 0.8791118421052632 33
1741703602749 0.8856907894736842 34
1741703617668 0.9009046052631579 35
1741703632601 0.8848684210526315 36
1741703647556 0.8885690789473685 37
1741703662955 0.8976151315789473 38
1741703678321 0.8869243421052632 39
1741703693259 0.9009046052631579 40
1741703708182 0.897203947368421 41
1741703723112 0.9017269736842105 42
1741703738082 0.9025493421052632 43
1741703752968 0.9078947368421053 44
1741703767875 0.907483552631579 45
1741703782844 0.9165296052631579 46
1741703797702 0.912828947368421 47
1741703812781 0.9091282894736842 48
