1741703087870 0.47979426891991184 0
1741703103040 0.5676492819349962 1
1741703117893 0.703125 2
1741703133098 0.8226837060702875 3
1741703148094 0.6688687035507844 4
1741703163412 0.7667031763417306 5
1741703178339 0.7467105263157895 6
1741703193687 0.7661016949152543 7
1741703208766 0.7581493165089379 8
1741703223980 0.77466251298027 9
1741703239327 0.7888531618435155 10
1741703254390 0.8008658008658008 11
1741703269555 0.8037974683544303 12
1741703284851 0.8027888446215139 13
1741703300034 0.8013059701492538 14
1741703315169 0.8224121557454891 15
1741703330614 0.8195211786372008 16
1741703345950 0.8120229007633588 17
1741703361092 0.8247602441150829 18
1741703376303 0.8328981723237598 19
1741703391639 0.8401332223147377 20
1741703406866 0.813076923076923 21
1741703421982 0.8473895582329317 22
1741703437328 0.8178835110746514 23
1741703452460 0.8365758754863813 24
1741703467356 0.8315262718932444 25
1741703482106 0.8334687246141349 26
1741703497128 0.868959868959869 27
1741703512397 0.8633879781420765 28
1741703527652 0.8535630383711824 29
1741703542687 0.8755085435313262 30
1741703557630 0.8672787979966611 31
1741703573011 0.8808724832214765 32
1741703587870 0.8758064516129033 33
1741703602749 0.8852459016393442 34
1741703617668 0.8950233281493002 35
1741703632601 0.8716744913928013 36
1741703647556 0.882890365448505 37
1741703662955 0.896964856230032 38
1741703678321 0.896414342629482 39
1741703693259 0.899119295436349 40
1741703708182 0.8898858075040783 41
1741703723112 0.8997555012224939 42
1741703738082 0.9027113237639554 43
1741703752968 0.8987138263665595 44
1741703767875 0.899671052631579 45
1741703782844 0.9084219133278822 46
1741703797702 0.9213197969543148 47
1741703812781 0.9015151515151515 48
