1741707158868 0.6935257688917295 0
1741707175796 0.6831149958600902 1
1741707192637 0.6731895118048696 2
1741707209324 0.6636087587385466 3
1741707226042 0.6514719845068575 4
1741707242882 0.6359579888257113 5
1741707259821 0.6143854994966527 6
1741707276600 0.5927211287045719 7
1741707293446 0.5563527508215471 8
1741707310221 0.5213450491428375 9
1741707327017 0.4782246772689049 10
1741707343872 0.42618798848354456 11
1741707360706 0.39403054208466504 12
1741707377462 0.3548816012011634 13
1741707394198 0.3442208608894637 14
1741707411077 0.33730960524443426 15
1741707427751 0.32406978188741087 16
1741707444502 0.3330591132845541 17
1741707461285 0.29016012736041136 18
1741707478116 0.30347446856474636 19
1741707494905 0.2794825892255764 20
1741707511679 0.2696033293249631 21
1741707528522 0.27058629593764894 22
1741707545361 0.2520388793012108 23
1741707562171 0.2439137368340685 24
1741707578889 0.23856123499195986 25
1741707595702 0.23753074767312618 26
1741707612459 0.2286088303333581 27
1741707629210 0.2161795092803059 28
1741707645976 0.2081213000070567 29
1741707662827 0.2126827077432112 30
1741707679592 0.20287243457454623 31
1741707696356 0.1974216860276882 32
1741707713231 0.17646976402311615 33
1741707730114 0.18792160130058877 34
1741707746825 0.17567764689223936 35
1741707763559 0.17031670670316676 36
1741707780369 0.16873351010409268 37
1741707797198 0.16139360505974654 38
1741707814059 0.1623200396019401 39
1741707830881 0.17949983473829548 40
1741707847720 0.1761918193989932 41
1741707864600 0.1487850546460561 42
1741707881356 0.14788202922603097 43
1741707898145 0.15470807440578938 44
1741707914837 0.13587940168200116 45
