1741707158868 0.509493670886076 0
1741707175796 0.5996835443037974 1
1741707192637 0.6433544303797468 2
1741707209324 0.6753164556962026 3
1741707226042 0.6949367088607595 4
1741707242882 0.7262658227848101 5
1741707259821 0.7376582278481013 6
1741707276600 0.7455696202531645 7
1741707293446 0.7708860759493671 8
1741707310221 0.7943037974683544 9
1741707327017 0.8091772151898734 10
1741707343872 0.835126582278481 11
1741707360706 0.8477848101265822 12
1741707377462 0.8537974683544304 13
1741707394198 0.855379746835443 14
1741707411077 0.8531645569620253 15
1741707427751 0.8531645569620253 16
1741707444502 0.8512658227848101 17
1741707461285 0.8806962025316456 18
1741707478116 0.8636075949367089 19
1741707494905 0.8791139240506329 20
1741707511679 0.8863924050632911 21
1741707528522 0.8816455696202532 22
1741707545361 0.890506329113924 23
1741707562171 0.8965189873417722 24
1741707578889 0.8968354430379747 25
1741707595702 0.8955696202531646 26
1741707612459 0.9079113924050632 27
1741707629210 0.9082278481012658 28
1741707645976 0.9170886075949367 29
1741707662827 0.910759493670886 30
1741707679592 0.9174050632911392 31
1741707696356 0.9186708860759494 32
1741707713231 0.9363924050632911 33
1741707730114 0.9205696202531646 34
1741707746825 0.9335443037974683 35
1741707763559 0.9306962025316455 36
1741707780369 0.9367088607594937 37
1741707797198 0.9354430379746835 38
1741707814059 0.9382911392405063 39
1741707830881 0.9268987341772152 40
1741707847720 0.9291139240506329 41
1741707864600 0.9449367088607595 42
1741707881356 0.9405063291139241 43
1741707898145 0.9341772151898734 44
1741707914837 0.95 45
