1751932825403 9.9001e-05 0
1751933733312 9.800199999999999e-05 1
1751934643771 9.700299999999998e-05 2
1751935551629 9.600399999999998e-05 3
1751936463177 9.500499999999998e-05 4
1751937374078 9.400599999999998e-05 5
1751938282599 9.300699999999999e-05 6
1751939191881 9.200799999999999e-05 7
1751940101113 9.1009e-05 8
1751941010920 9.000999999999999e-05 9
1751941921784 8.901099999999999e-05 10
1751942831606 8.801199999999998e-05 11
1751943741588 8.701299999999999e-05 12
1751944650695 8.6014e-05 13
1751945559301 8.5015e-05 14
1751946468019 8.401599999999999e-05 15
1751947377187 8.3017e-05 16
1751948284058 8.201799999999999e-05 17
1751949192360 8.101899999999999e-05 18
1751950101897 8.001999999999998e-05 19
1751951013178 7.902099999999999e-05 20
1751951920995 7.802199999999999e-05 21
1751952829881 7.7023e-05 22
1751953739659 7.602399999999999e-05 23
1751954647682 7.5025e-05 24
1751955554776 7.4026e-05 25
1751956462379 7.302699999999999e-05 26
1751957370369 7.2028e-05 27
1751958277373 7.102899999999999e-05 28
1751959185395 7.002999999999998e-05 29
