1751932825403 0.30491121612634836 0
1751933733312 0.1221368714881885 1
1751934643771 0.07824041552011968 2
1751935551629 0.061683681174841215 3
1751936463177 0.04809989260660533 4
1751937374078 0.04500180070500075 5
1751938282599 0.042296600382731836 6
1751939191881 0.037581553852757445 7
1751940101113 0.036034099102029364 8
1751941010920 0.0323161248275813 9
1751941921784 0.030520779718982406 10
1751942831606 0.030247448408120714 11
1751943741588 0.02887406461356065 12
1751944650695 0.027870856003419812 13
1751945559301 0.02692110526109272 14
1751946468019 0.027856754192201565 15
1751947377187 0.026048705675389885 16
1751948284058 0.02622422564517652 17
1751949192360 0.02371373221771913 18
1751950101897 0.023610912949419034 19
1751951013178 0.0242623947787598 20
1751951920995 0.021762294787543837 21
1751952829881 0.02125513082070971 22
1751953739659 0.01986331066594676 23
1751954647682 0.019706346776178305 24
1751955554776 0.019754484557945408 25
1751956462379 0.016675486165227394 26
1751957370369 0.017962281266454886 27
1751958277373 0.01918354275709277 28
1751959185395 0.018651785288243638 29
