1751932825403 0.9208482904350925 0
1751933733312 0.9578655261080985 1
1751934643771 0.9743374322156878 2
1751935551629 0.9795565060210291 3
1751936463177 0.9854120522416558 4
1751937374078 0.9862012780366098 5
1751938282599 0.9872705516942896 6
1751939191881 0.9888490032841977 7
1751940101113 0.9892818045265919 8
1751941010920 0.9907838794266657 9
1751941921784 0.9911657628758369 10
1751942831606 0.9911912217724483 11
1751943741588 0.9918531530843453 12
1751944650695 0.9923368721199624 13
1751945559301 0.9920313653606253 14
1751946468019 0.9920313653606253 15
1751947377187 0.9922350365335166 16
1751948284058 0.992922426742025 17
1751949192360 0.9931006390183049 18
1751950101897 0.9931006390183049 19
1751951013178 0.9934570635708648 20
1751951920995 0.9941953715725961 21
1751952829881 0.9942462893658189 22
1751953739659 0.994373583848876 23
1751954647682 0.9947300084014359 24
1751955554776 0.9948318439878816 25
1751956462379 0.9955446930930013 26
1751957370369 0.9951118918506072 27
1751958277373 0.9947300084014359 28
1751959185395 0.9951373507472187 29
