1751932825403 0.9209848604097965 0
1751933733312 0.9578934299408929 1
1751934643771 0.9743556464540419 2
1751935551629 0.9795584591364174 3
1751936463177 0.9854174481265342 4
1751937374078 0.9861965626852495 5
1751938282599 0.9872535254024372 6
1751939191881 0.9888813310630299 7
1751940101113 0.9892716055760589 8
1751941010920 0.9907903428620896 9
1751941921784 0.991159815549071 10
1751942831606 0.9912173369044501 11
1751943741588 0.9919079326269281 12
1751944650695 0.9923431735666275 13
1751945559301 0.9920364094919046 14
1751946468019 0.9920466752587738 15
1751947377187 0.992216900596867 16
1751948284058 0.9929409167553558 17
1751949192360 0.9931172690755347 18
1751950101897 0.9930572113849685 19
1751951013178 0.9934444311297697 20
1751951920995 0.9941987469601747 21
1751952829881 0.9942605588370904 22
1751953739659 0.9943900786533453 23
1751954647682 0.9947348370902522 24
1751955554776 0.9948124535245924 25
1751956462379 0.9955630052277602 26
1751957370369 0.9951095286819034 27
1751958277373 0.9947244960504558 28
1751959185395 0.9951316744994344 29
