1751932825403 0.8769322235434007 0
1751933733312 0.935551137190243 1
1751934643771 0.9640237513098149 2
1751935551629 0.971507260891337 3
1751936463177 0.9788367767556427 4
1751937374078 0.9808311531495271 5
1751938282599 0.9821222317079294 6
1751939191881 0.983961833223367 7
1751940101113 0.9841597103489892 8
1751941010920 0.9859162039374053 9
1751941921784 0.9873385794995965 10
1751942831606 0.9870420244931145 11
1751943741588 0.987135637347491 12
1751944650695 0.9880699625922555 13
1751945559301 0.9882126776951485 14
1751946468019 0.9873500986692304 15
1751947377187 0.9878864036189997 16
1751948284058 0.988594890510949 17
1751949192360 0.9894881170018281 18
1751950101897 0.9893032090372889 19
1751951013178 0.9894270466216897 20
1751951920995 0.9902431626308074 21
1751952829881 0.9908093835685996 22
1751953739659 0.9911027505211246 23
1751954647682 0.9914395704589201 24
1751955554776 0.9917517477241865 25
1751956462379 0.9928108907357365 26
1751957370369 0.9925105004807449 27
1751958277373 0.9919151086407276 28
1751959185395 0.9920699060511162 29
