1751932825403 0.9786658500484867 0
1751933733312 0.9833826078091549 1
1751934643771 0.985362370581935 2
1751935551629 0.9880825057295646 3
1751936463177 0.9922543823889115 4
1751937374078 0.9918091168091168 5
1751938282599 0.9926907263590681 6
1751939191881 0.9937464759854426 7
1751940101113 0.9946129999491793 8
1751941010920 0.9957683287447742 9
1751941921784 0.9951192231430169 10
1751942831606 0.9953369203177044 11
1751943741588 0.996495748518423 12
1751944650695 0.9966855336290857 13
1751945559301 0.9959212807178546 14
1751946468019 0.9967817736003269 15
1751947377187 0.9967542347094026 16
1751948284058 0.9972898343219472 17
1751949192360 0.9967261752519311 18
1751950101897 0.9971283188069928 19
1751951013178 0.9976140920858927 20
1751951920995 0.9982163787392345 21
1751952829881 0.9976991512424583 22
1751953739659 0.9976458546571136 23
1751954647682 0.9980623119677732 24
1751955554776 0.9980261160036441 25
1751956462379 0.9982569465805393 26
1751957370369 0.9977616116396195 27
1751958277373 0.9976114245057681 28
1751959185395 0.998271918678526 29
