1751932825403 0.9250102510914398 0
1751933733312 0.9588707472849722 1
1751934643771 0.9745762711864406 2
1751935551629 0.9797247822244666 3
1751936463177 0.9854999114305236 4
1751937374078 0.9862895881817262 5
1751938282599 0.9873781996263947 6
1751939191881 0.9888299500153014 7
1751940101113 0.9893587442812729 8
1751941010920 0.990817775974026 9
1751941921784 0.9912136327956853 10
1751942831606 0.9911721181813543 11
1751943741588 0.9917936092732215 12
1751944650695 0.9923590485619272 13
1751945559301 0.9920520047738757 14
1751946468019 0.9920435191540202 15
1751947377187 0.9923005074091839 16
1751948284058 0.9929233275633846 17
1751949192360 0.9930939578502077 18
1751950101897 0.9932003512733659 19
1751951013178 0.9935037031419832 20
1751951920995 0.9942137854024972 21
1751952829881 0.9942423316009376 22
1751953739659 0.9943635389833967 23
1751954647682 0.994739918176505 24
1751955554776 0.9948790393784214 25
1751956462379 0.9955264705130499 26
1751957370369 0.995129128824395 27
1751958277373 0.9947551118656093 28
1751959185395 0.9951612494616573 29
