1741250661925 3.9200800000000006e-05 0
1741250763699 3.840160000000001e-05 1
1741250865494 3.760240000000001e-05 2
1741250967143 3.680320000000001e-05 3
1741251068955 3.600400000000001e-05 4
1741251170546 3.5204800000000006e-05 5
1741251272190 3.44056e-05 6
1741251373919 3.36064e-05 7
1741251475578 3.28072e-05 8
1741251576903 3.2008e-05 9
1741251678519 3.12088e-05 10
1741251780302 3.0409599999999998e-05 11
1741251882049 2.96104e-05 12
1741251983977 2.88112e-05 13
1741252085541 2.8012000000000002e-05 14
1741252186929 2.72128e-05 15
1741252288348 2.64136e-05 16
1741252389626 2.56144e-05 17
1741252491456 2.48152e-05 18
1741252593058 2.4016e-05 19
1741252694713 2.3216799999999998e-05 20
1741252796200 2.2417599999999997e-05 21
1741252897702 2.1618399999999996e-05 22
1741252999257 2.0819199999999995e-05 23
1741253100632 2.0019999999999995e-05 24
1741253202115 1.9220799999999994e-05 25
1741253303518 1.8421599999999993e-05 26
1741253404890 1.7622399999999992e-05 27
