1741250661925 0.6087144556168235 0
1741250763699 0.7428199848271377 1
1741250865494 0.761129207383279 2
1741250967143 0.8277807921866522 3
1741251068955 0.8574102620568157 4
1741251170546 0.8833206231615645 5
1741251272190 0.903921143847487 6
1741251373919 0.9143673738595142 7
1741251475578 0.9238893728222997 8
1741251576903 0.9289902280130293 9
1741251678519 0.9303207628955353 10
1741251780302 0.9407063397775137 11
1741251882049 0.9463467829880043 12
1741251983977 0.9470715835140998 13
1741252085541 0.9498958447538647 14
1741252186929 0.9478251437249159 15
1741252288348 0.951776378960845 16
1741252389626 0.9519607843137254 17
1741252491456 0.9588744588744589 18
1741252593058 0.9530208674751448 19
1741252694713 0.9587776189952731 20
1741252796200 0.9600824384423473 21
1741252897702 0.9606090698444224 22
1741252999257 0.9577311746169728 23
1741253100632 0.9640035118525022 24
1741253202115 0.9660557423272964 25
1741253303518 0.9634024620161916 26
1741253404890 0.9621261733246016 27
