1741250661925 0.585726175613816 0
1741250763699 0.7127333229345396 1
1741250865494 0.7772480319325867 2
1741250967143 0.834117003827228 3
1741251068955 0.8655588284332796 4
1741251170546 0.8887914497122499 5
1741251272190 0.9043129605548331 6
1741251373919 0.91271191090141 7
1741251475578 0.9218317127491987 8
1741251576903 0.9276305090258579 9
1741251678519 0.9312794923252156 10
1741251780302 0.9374663652997525 11
1741251882049 0.9408575920203828 12
1741251983977 0.9446638178179261 13
1741252085541 0.9449746414353493 14
1741252186929 0.9476195640386075 15
1741252288348 0.949598169141519 16
1741252389626 0.9499429316810696 17
1741252491456 0.9560291340706771 18
1741252593058 0.9516173021327661 19
1741252694713 0.9566743446309093 20
1741252796200 0.9581596752368065 21
1741252897702 0.958493889684025 22
1741252999257 0.9586165642503671 23
1741253100632 0.961155487471277 24
1741253202115 0.9643823752300531 25
1741253303518 0.9597304314202066 26
1741253404890 0.9617587692979106 27
