1741250661925 0.6869463455386278 0
1741250763699 0.6665186264166018 1
1741250865494 0.6316688581003129 2
1741250967143 0.5534388502404249 3
1741251068955 0.42844825053671926 4
1741251170546 0.3243672880976873 5
1741251272190 0.2634679034923427 6
1741251373919 0.22924155557612508 7
1741251475578 0.20662926308784751 8
1741251576903 0.1896008067676726 9
1741251678519 0.18003120150040666 10
1741251780302 0.16333339826077325 11
1741251882049 0.15493718382840788 12
1741251983977 0.14556808206690833 13
1741252085541 0.14513118271083159 14
1741252186929 0.133744317648822 15
1741252288348 0.13653128469226564 16
1741252389626 0.13255468818589475 17
1741252491456 0.11932955432086144 18
1741252593058 0.12392927253884929 19
1741252694713 0.11303996307067962 20
1741252796200 0.11268251639456596 21
1741252897702 0.10758732211247138 22
1741252999257 0.10826131197354572 23
1741253100632 0.10398240728329751 24
1741253202115 0.09655580043513652 25
1741253303518 0.10062622607163177 26
1741253404890 0.10063985991372827 27
