1741250661925 0.5644110275689223 0
1741250763699 0.6849890065960423 1
1741250865494 0.7940643407340281 2
1741250967143 0.8405509641873278 3
1741251068955 0.8738637638873302 4
1741251170546 0.8943304654754026 5
1741251272190 0.904705117085863 6
1741251373919 0.9110624315443593 7
1741251475578 0.9197831978319784 8
1741251576903 0.9262747645339396 9
1741251678519 0.932240199804539 10
1741251780302 0.9342486324144589 11
1741251882049 0.935431712838202 12
1741251983977 0.9422682637315204 13
1741252085541 0.9401041666666666 14
1741252186929 0.9474140735118725 15
1741252288348 0.947429906542056 16
1741252389626 0.9479336153595834 17
1741252491456 0.9532006455083378 18
1741252593058 0.9502178649237473 19
1741252694713 0.9545802779905878 20
1741252796200 0.9562445980985307 21
1741252897702 0.9563880039547402 22
1741252999257 0.9595035924232528 23
1741253100632 0.9583242417630373 24
1741253202115 0.9627147952015562 25
1741253303518 0.9560862865947611 26
1741253404890 0.9613916457628967 27
