1741250661925 0.5661364131619089 0
1741250763699 0.6990084985835694 1
1741250865494 0.7811069949880148 2
1741250967143 0.8347134451950315 3
1741251068955 0.8682174765744171 4
1741251170546 0.8894639354979298 5
1741251272190 0.90379167574635 6
1741251373919 0.9133253432120287 7
1741251475578 0.9216060143822183 8
1741251576903 0.9272717367618217 9
1741251678519 0.9309762475484855 10
1741251780302 0.9366964480278928 11
1741251882049 0.9405643931139682 12
1741251983977 0.9442689039006319 13
1741252085541 0.9450315972978862 14
1741252186929 0.947374155589453 15
1741252288348 0.9484092394857268 16
1741252389626 0.9498256700806276 17
1741252491456 0.9556003486598388 18
1741252593058 0.9516779254739595 19
1741252694713 0.9569623011549357 20
1741252796200 0.9578884288516016 21
1741252897702 0.9589235127478754 22
1741252999257 0.9585421660492482 23
1741253100632 0.961320549139246 24
1741253202115 0.9641534103290478 25
1741253303518 0.9602854652429723 26
1741253404890 0.961810852037481 27
