1741250661925 0.565804466196465 0
1741250763699 0.6987733399872353 1
1741250865494 0.7811768932171151 2
1741250967143 0.8347415064751225 3
1741251068955 0.8681056054730918 4
1741251170546 0.8894646049228331 5
1741251272190 0.9037909094949842 6
1741251373919 0.9133344591513792 7
1741251475578 0.9216045206893878 8
1741251576903 0.9272657241092918 9
1741251678519 0.9309798380647702 10
1741251780302 0.9366607438142269 11
1741251882049 0.9405694289422931 12
1741251983977 0.944256019427803 13
1741252085541 0.9450616202654003 14
1741252186929 0.9473721318931027 15
1741252288348 0.9483361467330108 16
1741252389626 0.9498252047113527 17
1741252491456 0.9555780806877779 18
1741252593058 0.9516815735832749 19
1741252694713 0.9569781820000667 20
1741252796200 0.9578785837828458 21
1741252897702 0.9589443713582385 22
1741252999257 0.9585443811465723 23
1741253100632 0.9613397048661039 24
1741253202115 0.9641444557285087 25
1741253303518 0.9603392008121434 26
1741253404890 0.9618114007802038 27
