1741094779532 3.9200800000000006e-05 0
1741094878001 3.840160000000001e-05 1
1741094976194 3.760240000000001e-05 2
1741095074278 3.680320000000001e-05 3
1741095172792 3.600400000000001e-05 4
1741095271313 3.5204800000000006e-05 5
1741095369777 3.44056e-05 6
1741095468377 3.36064e-05 7
1741095566753 3.28072e-05 8
1741095665392 3.2008e-05 9
1741095763846 3.12088e-05 10
1741095862167 3.0409599999999998e-05 11
1741095960361 2.96104e-05 12
1741096058612 2.88112e-05 13
1741096157212 2.8012000000000002e-05 14
1741096255724 2.72128e-05 15
1741096353925 2.64136e-05 16
1741096452414 2.56144e-05 17
1741096550849 2.48152e-05 18
1741096649112 2.4016e-05 19
1741096747758 2.3216799999999998e-05 20
1741096846235 2.2417599999999997e-05 21
1741096944717 2.1618399999999996e-05 22
1741097043045 2.0819199999999995e-05 23
1741097141323 2.0019999999999995e-05 24
1741097239944 1.9220799999999994e-05 25
1741097338314 1.8421599999999993e-05 26
1741097436698 1.7622399999999992e-05 27
1741097534989 1.682319999999999e-05 28
1741097633078 1.602399999999999e-05 29
1741097731430 1.522479999999999e-05 30
1741097829708 1.4425599999999991e-05 31
1741097927926 1.362639999999999e-05 32
1741098026282 1.2827199999999991e-05 33
1741098124604 1.2027999999999992e-05 34
1741098223173 1.1228799999999993e-05 35
1741098321465 1.0429599999999994e-05 36
1741098419744 9.630399999999993e-06 37
1741098518017 8.831199999999993e-06 38
1741098616249 8.031999999999994e-06 39
1741098714580 7.2327999999999945e-06 40
1741098812896 6.4335999999999955e-06 41
1741098911298 5.634399999999996e-06 42
1741099009541 4.835199999999997e-06 43
1741099107781 4.0359999999999974e-06 44
