1741094779532 0.5896827586206896 0
1741094878001 0.7038255149731695 1
1741094976194 0.7439268189253044 2
1741095074278 0.8008509632431154 3
1741095172792 0.8472222222222222 4
1741095271313 0.8827785817655571 5
1741095369777 0.9026528390534578 6
1741095468377 0.9169393261006831 7
1741095566753 0.9254317564835672 8
1741095665392 0.9313164349959117 9
1741095763846 0.9377848678213309 10
1741095862167 0.9391876560018153 11
1741095960361 0.9480153360396932 12
1741096058612 0.9481284658040665 13
1741096157212 0.9524724498445889 14
1741096255724 0.9515633157375718 15
1741096353925 0.9571874113977885 16
1741096452414 0.9560164083865087 17
1741096550849 0.9599773563543731 18
1741096649112 0.9612236834678557 19
1741096747758 0.963043230295426 20
1741096846235 0.9611101593284221 21
1741096944717 0.9637908422193078 22
1741097043045 0.9640718562874252 23
1741097141323 0.9618197523754679 24
1741097239944 0.9665974288441026 25
1741097338314 0.9675875818855028 26
1741097436698 0.9688729460772969 27
1741097534989 0.9678270344669381 28
1741097633078 0.9703311867525299 29
1741097731430 0.9667997718197376 30
1741097829708 0.9691486893992113 31
1741097927926 0.9726325432268407 32
1741098026282 0.9708782127999088 33
1741098124604 0.9688482423549586 34
1741098223173 0.9726457655188168 35
1741098321465 0.9707844490453186 36
1741098419744 0.9719091481206019 37
1741098518017 0.971925210132083 38
1741098616249 0.9707542329399692 39
1741098714580 0.973334094672529 40
1741098812896 0.9745491896827209 41
1741098911298 0.9723580935047207 42
1741099009541 0.9717448967823781 43
1741099107781 0.9722939253140596 44
