1741094779532 0.6117916428162564 0
1741094878001 0.6971879286694102 1
1741094976194 0.7045324153757889 2
1741095074278 0.7712269519690417 3
1741095172792 0.8292209275759653 4
1741095271313 0.870036513007759 5
1741095369777 0.8994062571363325 6
1741095468377 0.9149959903769046 7
1741095566753 0.9233517750115261 8
1741095665392 0.9314252336448599 9
1741095763846 0.9392832686601232 10
1741095862167 0.9412166003411029 11
1741095960361 0.9488713318284424 12
1741096058612 0.952309120445579 13
1741096157212 0.9557672677781558 14
1741096255724 0.9544978470848365 15
1741096353925 0.9582198001816531 16
1741096452414 0.9594053744997141 17
1741096550849 0.9622106218792555 18
1741096649112 0.9632352941176471 19
1741096747758 0.9669033440219881 20
1741096846235 0.9625943719972546 21
1741096944717 0.9657182036338704 22
1741097043045 0.9676375404530745 23
1741097141323 0.9638734995383195 24
1741097239944 0.9680647700438547 25
1741097338314 0.9708504801097394 26
1741097436698 0.9703325993742032 27
1741097534989 0.9686603145448284 28
1741097633078 0.9727922527092461 29
1741097731430 0.9675725051381594 30
1741097829708 0.9716279069767442 31
1741097927926 0.9730782449306908 32
1741098026282 0.9752690634302725 33
1741098124604 0.9694577899794098 34
1741098223173 0.9744822062020826 35
1741098321465 0.9724622652379307 36
1741098419744 0.9739708748996675 37
1741098518017 0.9734280151185432 38
1741098616249 0.9739190116678106 39
1741098714580 0.9749485243651338 40
1741098812896 0.9759972568293519 41
1741098911298 0.9745753049823281 42
1741099009541 0.9734288354898336 43
1741099107781 0.9741379310344828 44
