1741094779532 0.6861609497786442 0
1741094878001 0.6643831299774813 1
1741094976194 0.6306001582206824 2
1741095074278 0.5644652274174567 3
1741095172792 0.4543498011626603 4
1741095271313 0.34335175945317786 5
1741095369777 0.2738851163358915 6
1741095468377 0.2293180627646027 7
1741095566753 0.2017454887593622 8
1741095665392 0.1875042966584037 9
1741095763846 0.16879022004075975 10
1741095862167 0.1621381810528564 11
1741095960361 0.1460101218559803 12
1741096058612 0.14141886790825442 13
1741096157212 0.1309759985560026 14
1741096255724 0.12750397981298003 15
1741096353925 0.11758702736852807 16
1741096452414 0.11731221172753926 17
1741096550849 0.11197672013684616 18
1741096649112 0.10814983517293146 19
1741096747758 0.102590514894493 20
1741096846235 0.10258314052542106 21
1741096944717 0.10175658733798908 22
1741097043045 0.09846259885204908 23
1741097141323 0.10105341798949972 24
1741097239944 0.09496399754787976 25
1741097338314 0.08824909252929927 26
1741097436698 0.0850575987655574 27
1741097534989 0.08838509011590656 28
1741097633078 0.08364823425099963 29
1741097731430 0.08965655718333064 30
1741097829708 0.08295034066494213 31
1741097927926 0.0826038029078981 32
1741098026282 0.081321278390826 33
1741098124604 0.08447737328114581 34
1741098223173 0.07471845127239606 35
1741098321465 0.07966339650253455 36
1741098419744 0.07613522911294203 37
1741098518017 0.07780745873336882 38
1741098616249 0.08010502293750289 39
1741098714580 0.07550854651571248 40
1741098812896 0.06930862900872643 41
1741098911298 0.07517821631554664 42
1741099009541 0.0757204558531457 43
1741099107781 0.07485739514999255 44
