1741094779532 0.5742722812203562 0
1741094878001 0.7061791036535906 1
1741094976194 0.7579093422549494 2
1741095074278 0.8072995291919378 3
1741095172792 0.8501813186359459 4
1741095271313 0.8841279635687846 5
1741095369777 0.9027509990767186 6
1741095468377 0.917166187408132 7
1741095566753 0.9260793902920703 8
1741095665392 0.9326561570626364 9
1741095763846 0.937483600564126 10
1741095862167 0.9386161396909573 11
1741095960361 0.947196729917009 12
1741096058612 0.9486435445183492 13
1741096157212 0.9518202959325361 14
1741096255724 0.9522376572062309 15
1741096353925 0.9567683690897874 16
1741096452414 0.9558030999046025 17
1741096550849 0.9595042944212033 18
1741096649112 0.9606418677101157 19
1741096747758 0.9629068625798392 20
1741096846235 0.9610153021897582 21
1741096944717 0.9636459795411839 22
1741097043045 0.964311001144083 23
1741097141323 0.9620616787867634 24
1741097239944 0.9659003887532707 25
1741097338314 0.9674227174083843 26
1741097436698 0.9692160734427576 27
1741097534989 0.9678880472016217 28
1741097633078 0.9704779910504729 29
1741097731430 0.966681442558748 30
1741097829708 0.9695776247027141 31
1741097927926 0.9726375206346818 32
1741098026282 0.9707484412743808 33
1741098124604 0.9688013139194631 34
1741098223173 0.9725790183358637 35
1741098321465 0.9709296536656092 36
1741098419744 0.9718962742125222 37
1741098518017 0.9718936825421051 38
1741098616249 0.9706308705640532 39
1741098714580 0.9732654848249411 40
1741098812896 0.974466518322933 41
1741098911298 0.9721692344640314 42
1741099009541 0.971963481627817 43
1741099107781 0.9723580520721506 44
