1741094779532 0.5742744289884939 0
1741094878001 0.7061652069380044 1
1741094976194 0.7580285076421088 2
1741095074278 0.8070868395443357 3
1741095172792 0.8501345240139676 4
1741095271313 0.884080370942813 5
1741095369777 0.9027420001144886 6
1741095468377 0.9171675539527162 7
1741095566753 0.9260976587097144 8
1741095665392 0.9326807487549373 9
1741095763846 0.9374892667010132 10
1741095862167 0.9386341519262694 11
1741095960361 0.9472207911156907 12
1741096058612 0.948594653385998 13
1741096157212 0.9518575762779782 14
1741096255724 0.952201041845555 15
1741096353925 0.9567805827465796 16
1741096452414 0.955807430305112 17
1741096550849 0.9595283072871944 18
1741096649112 0.9606731925124506 19
1741096747758 0.9629057187017002 20
1741096846235 0.9610166580800275 21
1741096944717 0.9636498940981166 22
1741097043045 0.9642795809720076 23
1741097141323 0.962047054782758 24
1741097239944 0.965939664548629 25
1741097338314 0.967428015341462 26
1741097436698 0.969202587440609 27
1741097534989 0.9678859694315645 28
1741097633078 0.9704619611883909 29
1741097731430 0.9666838399450455 30
1741097829708 0.969546053008186 31
1741097927926 0.9726372431163776 32
1741098026282 0.970748182494705 33
1741098124604 0.9688018776117694 34
1741098223173 0.9725799988551148 35
1741098321465 0.9709199152784933 36
1741098419744 0.9718930677199611 37
1741098518017 0.9718930677199611 38
1741098616249 0.9706336939721792 39
1741098714580 0.9732669299902684 40
1741098812896 0.9744690594767874 41
1741098911298 0.9721792890262752 42
1741099009541 0.9719503119812238 43
1741099107781 0.9723510218100635 44
