1741094779532 0.5691160809371671 0
1741094878001 0.7105907025515554 1
1741094976194 0.7879876796714579 2
1741095074278 0.8328416912487709 3
1741095172792 0.866022429014555 4
1741095271313 0.8958994242744683 5
1741095369777 0.9059229442208165 6
1741095468377 0.9188909341923608 7
1741095566753 0.9275211300219984 8
1741095665392 0.9312076617612707 9
1741095763846 0.9362912400455062 10
1741095862167 0.9371674402807653 11
1741095960361 0.9471608832807571 12
1741096058612 0.9439843570278353 13
1741096157212 0.9492002703311556 14
1741096255724 0.9486467730742539 15
1741096353925 0.9561572448170387 16
1741096452414 0.9526513001021915 17
1741096550849 0.9577544335253586 18
1741096649112 0.9592204573617213 19
1741096747758 0.959213815042036 20
1741096846235 0.959630516592542 21
1741096944717 0.961871158661507 22
1741097043045 0.9605323542909592 23
1741097141323 0.9597747385358005 24
1741097239944 0.965134529147982 25
1741097338314 0.9643465425229931 26
1741097436698 0.9674176776429809 27
1741097534989 0.9669951867980747 28
1741097633078 0.9678825418674007 29
1741097731430 0.9660282717738258 30
1741097829708 0.966682091624248 31
1741097927926 0.9721872496280187 32
1741098026282 0.9665267218881198 33
1741098124604 0.9682394607563122 34
1741098223173 0.9708162334701322 35
1741098321465 0.9691124124468941 36
1741098419744 0.9698561315368806 37
1741098518017 0.9704270381365608 38
1741098616249 0.9676099556767814 39
1741098714580 0.9717250028503022 40
1741098812896 0.9731054131054131 41
1741098911298 0.9701509476790375 42
1741099009541 0.9700667741192724 43
1741099107781 0.9704568876674682 44
